District Name,District No,Jilha,Constituency Name,Constituency No,Total No. of Electors,Serial Poll,Total No. Valid Votes,No. of Rejected Votes,NOTA,Total,No. of Tendered Votes,Elected Person Name,Party Name of Elected Person,No. of Valid Votes Cast in Favour of Elected Person,Other Candidate Votes,Total EVM Votes,Total Postal ballot votes,Total Votes Polled
Nashik,,,Dindori (ST),122,,1,16,829,0,845,4,Gaikwad Chandar Namdev,,6,807,813,4,817
Nashik,,,Dindori (ST),122,,2,25,970,0,995,8,Gaikwad Chandar Namdev,,5,940,945,8,953
Nashik,,,Dindori (ST),122,,3,8,536,0,544,3,Gaikwad Chandar Namdev,,3,525,528,3,531
Nashik,,,Dindori (ST),122,,4,8,1056,0,1064,13,Gaikwad Chandar Namdev,,7,1041,1048,13,1061
Nashik,,,Dindori (ST),122,,5,2,474,0,476,4,Gaikwad Chandar Namdev,,7,465,472,4,476
Nashik,,,Dindori (ST),122,,6,14,632,0,646,5,Gaikwad Chandar Namdev,,0,618,618,5,623
Nashik,,,Dindori (ST),122,,7,3,365,0,368,2,Gaikwad Chandar Namdev,,3,359,362,2,364
Nashik,,,Dindori (ST),122,,8,11,580,0,591,4,Gaikwad Chandar Namdev,,0,569,569,4,573
Nashik,,,Dindori (ST),122,,9,6,556,0,562,5,Gaikwad Chandar Namdev,,1,549,550,5,555
Nashik,,,Dindori (ST),122,,10,17,282,0,299,4,Gaikwad Chandar Namdev,,2,263,265,4,269
Nashik,,,Dindori (ST),122,,11,0,344,0,344,2,Gaikwad Chandar Namdev,,2,342,344,2,346
Nashik,,,Dindori (ST),122,,12,8,798,0,806,3,Gaikwad Chandar Namdev,,3,787,790,3,793
Nashik,,,Dindori (ST),122,,13,4,367,0,371,3,Gaikwad Chandar Namdev,,1,362,363,3,366
Nashik,,,Dindori (ST),122,,14,10,900,0,910,4,Gaikwad Chandar Namdev,,3,887,890,4,894
Nashik,,,Dindori (ST),122,,15,11,865,0,876,2,Gaikwad Chandar Namdev,,4,850,854,2,856
Nashik,,,Dindori (ST),122,,16,10,733,0,743,4,Gaikwad Chandar Namdev,,3,720,723,4,727
Nashik,,,Dindori (ST),122,,17,11,533,0,544,6,Gaikwad Chandar Namdev,,3,519,522,6,528
Nashik,,,Dindori (ST),122,,18,11,332,0,343,3,Gaikwad Chandar Namdev,,5,316,321,3,324
Nashik,,,Dindori (ST),122,,19,7,358,0,365,6,Gaikwad Chandar Namdev,,2,349,351,6,357
Nashik,,,Dindori (ST),122,,20,4,361,0,365,5,Gaikwad Chandar Namdev,,3,354,357,5,362
Nashik,,,Dindori (ST),122,,21,4,317,0,321,5,Gaikwad Chandar Namdev,,2,311,313,5,318
Nashik,,,Dindori (ST),122,,22,3,494,0,497,7,Gaikwad Chandar Namdev,,7,484,491,7,498
Nashik,,,Dindori (ST),122,,23,17,2,0,19,0,Gaikwad Chandar Namdev,,473,132,605,0,605
Nashik,,,Dindori (ST),122,,24,20,7,0,27,0,Gaikwad Chandar Namdev,,121,186,307,0,307
Nashik,,,Dindori (ST),122,,25,34,11,0,45,0,Gaikwad Chandar Namdev,,247,220,467,0,467
Nashik,,,Dindori (ST),122,,26,16,10,0,26,0,Gaikwad Chandar Namdev,,273,335,608,0,608
Nashik,,,Dindori (ST),122,,27,40,20,0,60,0,Gaikwad Chandar Namdev,,408,437,845,0,845
Nashik,,,Dindori (ST),122,,28,13,2,0,15,0,Gaikwad Chandar Namdev,,92,133,225,0,225
Nashik,,,Dindori (ST),122,,29,27,9,0,36,0,Gaikwad Chandar Namdev,,439,353,792,0,792
Nashik,,,Dindori (ST),122,,30,12,4,0,16,0,Gaikwad Chandar Namdev,,259,175,434,0,434
Nashik,,,Dindori (ST),122,,31,37,8,0,45,0,Gaikwad Chandar Namdev,,179,340,519,0,519
Nashik,,,Dindori (ST),122,,32,6,34,0,40,0,Gaikwad Chandar Namdev,,373,283,656,0,656
Nashik,,,Dindori (ST),122,,33,17,13,0,30,0,Gaikwad Chandar Namdev,,502,307,809,0,809
Nashik,,,Dindori (ST),122,,34,28,11,0,39,0,Gaikwad Chandar Namdev,,47,399,446,0,446
Nashik,,,Dindori (ST),122,,35,17,4,0,21,0,Gaikwad Chandar Namdev,,132,229,361,0,361
Nashik,,,Dindori (ST),122,,36,11,7,0,18,0,Gaikwad Chandar Namdev,,28,206,234,0,234
Nashik,,,Dindori (ST),122,,37,29,1,0,30,0,Gaikwad Chandar Namdev,,372,230,602,0,602
Nashik,,,Dindori (ST),122,,38,37,11,0,48,0,Gaikwad Chandar Namdev,,433,414,847,0,847
Nashik,,,Dindori (ST),122,,39,21,5,0,26,0,Gaikwad Chandar Namdev,,245,326,571,0,571
Nashik,,,Dindori (ST),122,,40,19,1,0,20,0,Gaikwad Chandar Namdev,,781,177,958,0,958
Nashik,,,Dindori (ST),122,,41,27,8,0,35,0,Gaikwad Chandar Namdev,,268,257,525,0,525
Nashik,,,Dindori (ST),122,,42,10,13,0,23,0,Gaikwad Chandar Namdev,,683,138,821,0,821
Nashik,,,Dindori (ST),122,,43,6,10,0,16,0,Gaikwad Chandar Namdev,,473,143,616,0,616
Nashik,,,Dindori (ST),122,,44,27,17,0,44,0,Gaikwad Chandar Namdev,,735,373,1108,0,1108
Nashik,,,Dindori (ST),122,,45,52,40,0,92,0,Gaikwad Chandar Namdev,,193,377,570,0,570
Nashik,,,Dindori (ST),122,,46,47,21,0,68,0,Gaikwad Chandar Namdev,,484,377,861,0,861
Nashik,,,Dindori (ST),122,,47,30,19,0,49,0,Gaikwad Chandar Namdev,,282,237,519,0,519
Nashik,,,Dindori (ST),122,,48,20,20,0,40,0,Gaikwad Chandar Namdev,,378,221,599,0,599
Nashik,,,Dindori (ST),122,,49,25,24,0,49,0,Gaikwad Chandar Namdev,,404,219,623,0,623
Nashik,,,Dindori (ST),122,,50,15,11,0,26,0,Gaikwad Chandar Namdev,,279,133,412,0,412
Nashik,,,Dindori (ST),122,,51,36,60,0,96,0,Gaikwad Chandar Namdev,,393,529,922,0,922
Nashik,,,Dindori (ST),122,,52,18,26,0,44,0,Gaikwad Chandar Namdev,,684,217,901,0,901
Nashik,,,Dindori (ST),122,,53,24,8,0,32,0,Gaikwad Chandar Namdev,,240,177,417,0,417
Nashik,,,Dindori (ST),122,,54,18,18,0,36,0,Gaikwad Chandar Namdev,,559,281,840,0,840
Nashik,,,Dindori (ST),122,,55,10,124,0,134,0,Gaikwad Chandar Namdev,,391,153,544,0,544
Nashik,,,Dindori (ST),122,,56,42,42,0,84,0,Gaikwad Chandar Namdev,,384,442,826,0,826
Nashik,,,Dindori (ST),122,,57,15,25,0,40,0,Gaikwad Chandar Namdev,,254,234,488,0,488
Nashik,,,Dindori (ST),122,,58,18,63,0,81,0,Gaikwad Chandar Namdev,,316,178,494,0,494
Nashik,,,Dindori (ST),122,,59,43,190,0,233,0,Gaikwad Chandar Namdev,,660,314,974,0,974
Nashik,,,Dindori (ST),122,,60,58,30,0,88,0,Gaikwad Chandar Namdev,,620,476,1096,0,1096
Nashik,,,Dindori (ST),122,,61,15,5,0,20,0,Gaikwad Chandar Namdev,,408,275,683,0,683
Nashik,,,Dindori (ST),122,,62,15,10,0,25,0,Gaikwad Chandar Namdev,,399,321,720,0,720
Nashik,,,Dindori (ST),122,,63,13,222,0,235,0,Gaikwad Chandar Namdev,,327,217,544,0,544
Nashik,,,Dindori (ST),122,,64,10,322,0,332,0,Gaikwad Chandar Namdev,,184,138,322,0,322
Nashik,,,Dindori (ST),122,,65,43,102,0,145,0,Gaikwad Chandar Namdev,,401,338,739,0,739
Nashik,,,Dindori (ST),122,,66,13,16,0,29,0,Gaikwad Chandar Namdev,,300,288,588,0,588
Nashik,,,Dindori (ST),122,,67,10,31,0,41,0,Gaikwad Chandar Namdev,,349,227,576,0,576
Nashik,,,Dindori (ST),122,,68,48,60,0,108,0,Gaikwad Chandar Namdev,,410,605,1015,0,1015
Nashik,,,Dindori (ST),122,,69,9,9,0,18,0,Gaikwad Chandar Namdev,,514,203,717,0,717
Nashik,,,Dindori (ST),122,,70,48,21,0,69,0,Gaikwad Chandar Namdev,,542,598,1140,0,1140
Nashik,,,Dindori (ST),122,,71,27,12,0,39,0,Gaikwad Chandar Namdev,,265,331,596,0,596
Nashik,,,Dindori (ST),122,,72,32,25,0,57,0,Gaikwad Chandar Namdev,,85,375,460,0,460
Nashik,,,Dindori (ST),122,,73,29,9,0,38,0,Gaikwad Chandar Namdev,,542,266,808,0,808
Nashik,,,Dindori (ST),122,,74,8,8,0,16,0,Gaikwad Chandar Namdev,,1075,171,1246,0,1246
Nashik,,,Dindori (ST),122,,75,54,26,0,80,0,Gaikwad Chandar Namdev,,343,493,836,0,836
Nashik,,,Dindori (ST),122,,76,27,10,0,37,0,Gaikwad Chandar Namdev,,397,300,697,0,697
Nashik,,,Dindori (ST),122,,77,28,7,0,35,0,Gaikwad Chandar Namdev,,116,337,453,0,453
Nashik,,,Dindori (ST),122,,78,13,2,0,15,0,Gaikwad Chandar Namdev,,202,167,369,0,369
Nashik,,,Dindori (ST),122,,79,36,4,0,40,0,Gaikwad Chandar Namdev,,599,293,892,0,892
Nashik,,,Dindori (ST),122,,80,19,8,0,27,0,Gaikwad Chandar Namdev,,147,264,411,0,411
Nashik,,,Dindori (ST),122,,81,12,5,0,17,0,Gaikwad Chandar Namdev,,236,239,475,0,475
Nashik,,,Dindori (ST),122,,82,24,8,0,32,0,Gaikwad Chandar Namdev,,404,327,731,0,731
Nashik,,,Dindori (ST),122,,83,28,2,0,30,0,Gaikwad Chandar Namdev,,434,212,646,0,646
Nashik,,,Dindori (ST),122,,84,37,9,0,46,0,Gaikwad Chandar Namdev,,610,347,957,0,957
Nashik,,,Dindori (ST),122,,85,33,10,0,43,0,Gaikwad Chandar Namdev,,467,353,820,0,820
Nashik,,,Dindori (ST),122,,86,35,8,0,43,0,Gaikwad Chandar Namdev,,727,281,1008,0,1008
Nashik,,,Dindori (ST),122,,87,36,7,0,43,0,Gaikwad Chandar Namdev,,389,428,817,0,817
Nashik,,,Dindori (ST),122,,88,27,4,0,31,0,Gaikwad Chandar Namdev,,302,322,624,0,624
Nashik,,,Dindori (ST),122,,89,24,5,0,29,0,Gaikwad Chandar Namdev,,314,324,638,0,638
Nashik,,,Dindori (ST),122,,90,16,6,0,22,0,Gaikwad Chandar Namdev,,226,221,447,0,447
Nashik,,,Dindori (ST),122,,91,13,4,0,17,0,Gaikwad Chandar Namdev,,309,412,721,0,721
Nashik,,,Dindori (ST),122,,92,26,2,0,28,0,Gaikwad Chandar Namdev,,390,263,653,0,653
Nashik,,,Dindori (ST),122,,93,19,9,0,28,0,Gaikwad Chandar Namdev,,569,428,997,0,997
Nashik,,,Dindori (ST),122,,94,53,15,0,68,0,Gaikwad Chandar Namdev,,430,659,1089,0,1089
Nashik,,,Dindori (ST),122,,95,38,17,0,55,0,Gaikwad Chandar Namdev,,518,514,1032,0,1032
Nashik,,,Dindori (ST),122,,96,45,10,0,55,0,Gaikwad Chandar Namdev,,367,666,1033,0,1033
Nashik,,,Dindori (ST),122,,97,13,8,0,21,0,Gaikwad Chandar Namdev,,217,265,482,0,482
Nashik,,,Dindori (ST),122,,98,41,13,0,54,0,Gaikwad Chandar Namdev,,610,414,1024,0,1024
Nashik,,,Dindori (ST),122,,99,32,27,0,59,0,Gaikwad Chandar Namdev,,311,496,807,0,807
Nashik,,,Dindori (ST),122,,100,51,30,0,81,0,Gaikwad Chandar Namdev,,475,344,819,0,819
Nashik,,,Dindori (ST),122,,101,36,13,0,49,0,Gaikwad Chandar Namdev,,420,549,969,0,969
Nashik,,,Dindori (ST),122,,102,44,47,0,91,0,Gaikwad Chandar Namdev,,641,344,985,0,985
Nashik,,,Dindori (ST),122,,103,28,4,0,32,0,Gaikwad Chandar Namdev,,559,453,1012,0,1012
Nashik,,,Dindori (ST),122,,104,40,26,0,66,0,Gaikwad Chandar Namdev,,318,440,758,0,758
Nashik,,,Dindori (ST),122,,105,15,9,0,24,0,Gaikwad Chandar Namdev,,237,203,440,0,440
Nashik,,,Dindori (ST),122,,106,23,97,0,120,0,Gaikwad Chandar Namdev,,288,371,659,0,659
Nashik,,,Dindori (ST),122,,107,8,5,0,13,0,Gaikwad Chandar Namdev,,503,326,829,0,829
Nashik,,,Dindori (ST),122,,108,20,14,0,34,0,Gaikwad Chandar Namdev,,617,351,968,0,968
Nashik,,,Dindori (ST),122,,109,27,7,0,34,0,Gaikwad Chandar Namdev,,515,298,813,0,813
Nashik,,,Dindori (ST),122,,110,14,4,0,18,0,Gaikwad Chandar Namdev,,507,354,861,0,861
Nashik,,,Dindori (ST),122,,111,19,10,0,29,0,Gaikwad Chandar Namdev,,485,326,811,0,811
Nashik,,,Dindori (ST),122,,112,12,7,0,19,0,Gaikwad Chandar Namdev,,337,336,673,0,673
Nashik,,,Dindori (ST),122,,113,13,5,0,18,0,Gaikwad Chandar Namdev,,507,372,879,0,879
Nashik,,,Dindori (ST),122,,114,13,9,0,22,0,Gaikwad Chandar Namdev,,317,417,734,0,734
Nashik,,,Dindori (ST),122,,115,15,6,0,21,0,Gaikwad Chandar Namdev,,321,266,587,0,587
Nashik,,,Dindori (ST),122,,116,12,6,0,18,0,Gaikwad Chandar Namdev,,341,241,582,0,582
Nashik,,,Dindori (ST),122,,117,22,7,0,29,0,Gaikwad Chandar Namdev,,448,531,979,0,979
Nashik,,,Dindori (ST),122,,118,21,6,0,27,0,Gaikwad Chandar Namdev,,293,516,809,0,809
Nashik,,,Dindori (ST),122,,119,29,10,0,39,0,Gaikwad Chandar Namdev,,490,334,824,0,824
Nashik,,,Dindori (ST),122,,120,15,2,0,17,0,Gaikwad Chandar Namdev,,238,486,724,0,724
Nashik,,,Dindori (ST),122,,121,11,4,0,15,0,Gaikwad Chandar Namdev,,280,453,733,0,733
Nashik,,,Dindori (ST),122,,122,13,1,0,14,0,Gaikwad Chandar Namdev,,453,286,739,0,739
Nashik,,,Dindori (ST),122,,123,22,8,0,30,0,Gaikwad Chandar Namdev,,658,397,1055,0,1055
Nashik,,,Dindori (ST),122,,124,22,4,0,26,0,Gaikwad Chandar Namdev,,338,390,728,0,728
Nashik,,,Dindori (ST),122,,125,19,3,0,22,0,Gaikwad Chandar Namdev,,287,337,624,0,624
Nashik,,,Dindori (ST),122,,126,19,0,0,19,0,Gaikwad Chandar Namdev,,362,346,708,0,708
Nashik,,,Dindori (ST),122,,127,22,7,0,29,0,Gaikwad Chandar Namdev,,332,638,970,0,970
Nashik,,,Dindori (ST),122,,128,21,36,0,57,0,Gaikwad Chandar Namdev,,299,331,630,0,630
Nashik,,,Dindori (ST),122,,129,23,15,0,38,0,Gaikwad Chandar Namdev,,273,330,603,0,603
Nashik,,,Dindori (ST),122,,130,16,5,0,21,0,Gaikwad Chandar Namdev,,243,298,541,0,541
Nashik,,,Dindori (ST),122,,131,23,2,0,25,0,Gaikwad Chandar Namdev,,372,513,885,0,885
Nashik,,,Dindori (ST),122,,132,24,14,0,38,0,Gaikwad Chandar Namdev,,588,542,1130,0,1130
Nashik,,,Dindori (ST),122,,133,24,11,0,35,0,Gaikwad Chandar Namdev,,462,547,1009,0,1009
Nashik,,,Dindori (ST),122,,134,21,3,0,24,0,Gaikwad Chandar Namdev,,511,424,935,0,935
Nashik,,,Dindori (ST),122,,135,25,4,0,29,0,Gaikwad Chandar Namdev,,495,389,884,0,884
Nashik,,,Dindori (ST),122,,136,17,7,0,24,0,Gaikwad Chandar Namdev,,295,580,875,0,875
Nashik,,,Dindori (ST),122,,137,7,2,0,9,0,Gaikwad Chandar Namdev,,408,610,1018,0,1018
Nashik,,,Dindori (ST),122,,138,19,4,0,23,0,Gaikwad Chandar Namdev,,409,545,954,0,954
Nashik,,,Dindori (ST),122,,139,37,55,0,92,0,Gaikwad Chandar Namdev,,570,521,1091,0,1091
Nashik,,,Dindori (ST),122,,140,5,2,0,7,0,Gaikwad Chandar Namdev,,808,362,1170,0,1170
Nashik,,,Dindori (ST),122,,141,22,4,0,26,0,Gaikwad Chandar Namdev,,704,313,1017,0,1017
Nashik,,,Dindori (ST),122,,142,9,3,0,12,0,Gaikwad Chandar Namdev,,402,194,596,0,596
Nashik,,,Dindori (ST),122,,143,9,9,0,18,0,Gaikwad Chandar Namdev,,369,290,659,0,659
Nashik,,,Dindori (ST),122,,144,33,29,0,62,0,Gaikwad Chandar Namdev,,159,489,648,0,648
Nashik,,,Dindori (ST),122,,145,50,16,0,66,0,Gaikwad Chandar Namdev,,200,658,858,0,858
Nashik,,,Dindori (ST),122,,146,22,14,0,36,0,Gaikwad Chandar Namdev,,326,462,788,0,788
Nashik,,,Dindori (ST),122,,147,22,5,0,27,0,Gaikwad Chandar Namdev,,225,354,579,0,579
Nashik,,,Dindori (ST),122,,148,40,6,0,46,0,Gaikwad Chandar Namdev,,621,465,1086,0,1086
Nashik,,,Dindori (ST),122,,149,42,5,0,47,0,Gaikwad Chandar Namdev,,526,375,901,0,901
Nashik,,,Dindori (ST),122,,150,80,18,0,98,0,Gaikwad Chandar Namdev,,406,601,1007,0,1007
Nashik,,,Dindori (ST),122,,151,33,7,0,40,0,Gaikwad Chandar Namdev,,225,330,555,0,555
Nashik,,,Dindori (ST),122,,152,15,12,0,27,0,Gaikwad Chandar Namdev,,171,243,414,0,414
Nashik,,,Dindori (ST),122,,153,29,6,0,35,0,Gaikwad Chandar Namdev,,550,333,883,0,883
Nashik,,,Dindori (ST),122,,154,64,16,0,80,0,Gaikwad Chandar Namdev,,405,509,914,0,914
Nashik,,,Dindori (ST),122,,155,32,2,0,34,0,Gaikwad Chandar Namdev,,150,308,458,0,458
Nashik,,,Dindori (ST),122,,156,6,4,0,10,0,Gaikwad Chandar Namdev,,212,223,435,0,435
Nashik,,,Dindori (ST),122,,157,40,4,0,44,0,Gaikwad Chandar Namdev,,344,300,644,0,644
Nashik,,,Dindori (ST),122,,158,18,10,0,28,0,Gaikwad Chandar Namdev,,356,280,636,0,636
Nashik,,,Dindori (ST),122,,159,1,2,0,3,0,Gaikwad Chandar Namdev,,251,175,426,0,426
Nashik,,,Dindori (ST),122,,160,18,8,0,26,0,Gaikwad Chandar Namdev,,132,320,452,0,452
Nashik,,,Dindori (ST),122,,161,14,3,0,17,0,Gaikwad Chandar Namdev,,364,217,581,0,581
Nashik,,,Dindori (ST),122,,162,25,14,0,39,0,Gaikwad Chandar Namdev,,168,456,624,0,624
Nashik,,,Dindori (ST),122,,163,27,4,0,31,0,Gaikwad Chandar Namdev,,187,247,434,0,434
Nashik,,,Dindori (ST),122,,164,10,0,0,10,0,Gaikwad Chandar Namdev,,317,291,608,0,608
Nashik,,,Dindori (ST),122,,165,12,1,0,13,0,Gaikwad Chandar Namdev,,295,267,562,0,562
Nashik,,,Dindori (ST),122,,166,10,1,0,11,0,Gaikwad Chandar Namdev,,266,341,607,0,607
Nashik,,,Dindori (ST),122,,167,22,4,0,26,0,Gaikwad Chandar Namdev,,304,372,676,0,676
Nashik,,,Dindori (ST),122,,168,11,0,0,11,0,Gaikwad Chandar Namdev,,357,362,719,0,719
Nashik,,,Dindori (ST),122,,169,27,9,0,36,0,Gaikwad Chandar Namdev,,323,491,814,0,814
Nashik,,,Dindori (ST),122,,170,53,5,0,58,0,Gaikwad Chandar Namdev,,374,511,885,0,885
Nashik,,,Dindori (ST),122,,171,47,2,0,49,0,Gaikwad Chandar Namdev,,223,400,623,0,623
Nashik,,,Dindori (ST),122,,172,25,3,0,28,0,Gaikwad Chandar Namdev,,467,333,800,0,800
Nashik,,,Dindori (ST),122,,173,33,33,0,66,0,Gaikwad Chandar Namdev,,442,397,839,0,839
Nashik,,,Dindori (ST),122,,174,23,17,0,40,0,Gaikwad Chandar Namdev,,469,437,906,0,906
Nashik,,,Dindori (ST),122,,175,43,12,0,55,0,Gaikwad Chandar Namdev,,236,447,683,0,683
Nashik,,,Dindori (ST),122,,176,16,1,0,17,0,Gaikwad Chandar Namdev,,121,326,447,0,447
Nashik,,,Dindori (ST),122,,177,27,7,0,34,0,Gaikwad Chandar Namdev,,486,400,886,0,886
Nashik,,,Dindori (ST),122,,178,44,9,0,53,0,Gaikwad Chandar Namdev,,401,774,1175,0,1175
Nashik,,,Dindori (ST),122,,179,27,0,0,27,0,Gaikwad Chandar Namdev,,322,264,586,0,586
Nashik,,,Dindori (ST),122,,180,26,8,0,34,0,Gaikwad Chandar Namdev,,334,367,701,0,701
Nashik,,,Dindori (ST),122,,181,9,4,0,13,0,Gaikwad Chandar Namdev,,543,336,879,0,879
Nashik,,,Dindori (ST),122,,182,27,5,0,32,0,Gaikwad Chandar Namdev,,411,412,823,0,823
Nashik,,,Dindori (ST),122,,183,39,12,0,51,0,Gaikwad Chandar Namdev,,274,624,898,0,898
Nashik,,,Dindori (ST),122,,184,34,13,0,47,0,Gaikwad Chandar Namdev,,137,928,1065,0,1065
Nashik,,,Dindori (ST),122,,185,23,3,0,26,0,Gaikwad Chandar Namdev,,282,481,763,0,763
Nashik,,,Dindori (ST),122,,186,31,10,0,41,0,Gaikwad Chandar Namdev,,217,533,750,0,750
Nashik,,,Dindori (ST),122,,187,35,27,0,62,0,Gaikwad Chandar Namdev,,341,673,1014,0,1014
Nashik,,,Dindori (ST),122,,188,17,14,0,31,0,Gaikwad Chandar Namdev,,541,326,867,0,867
Nashik,,,Dindori (ST),122,,189,13,3,0,16,0,Gaikwad Chandar Namdev,,503,416,919,0,919
Nashik,,,Dindori (ST),122,,190,29,5,0,34,0,Gaikwad Chandar Namdev,,423,453,876,0,876
Nashik,,,Dindori (ST),122,,191,18,8,0,26,0,Gaikwad Chandar Namdev,,313,658,971,0,971
Nashik,,,Dindori (ST),122,,192,20,2,0,22,0,Gaikwad Chandar Namdev,,223,530,753,0,753
Nashik,,,Dindori (ST),122,,193,27,6,0,33,0,Gaikwad Chandar Namdev,,452,581,1033,0,1033
Nashik,,,Dindori (ST),122,,194,24,2,0,26,0,Gaikwad Chandar Namdev,,255,494,749,0,749
Nashik,,,Dindori (ST),122,,195,46,2,0,48,0,Gaikwad Chandar Namdev,,327,555,882,0,882
Nashik,,,Dindori (ST),122,,196,15,2,0,17,0,Gaikwad Chandar Namdev,,212,416,628,0,628
Nashik,,,Dindori (ST),122,,197,28,2,0,30,0,Gaikwad Chandar Namdev,,482,567,1049,0,1049
Nashik,,,Dindori (ST),122,,198,32,1,0,33,0,Gaikwad Chandar Namdev,,434,489,923,0,923
Nashik,,,Dindori (ST),122,,199,19,3,0,22,0,Gaikwad Chandar Namdev,,553,665,1218,0,1218
Nashik,,,Dindori (ST),122,,200,25,16,0,41,0,Gaikwad Chandar Namdev,,407,710,1117,0,1117
Nashik,,,Dindori (ST),122,,201,26,2,0,28,0,Gaikwad Chandar Namdev,,500,555,1055,0,1055
Nashik,,,Dindori (ST),122,,202,19,4,0,23,0,Gaikwad Chandar Namdev,,430,611,1041,0,1041
Nashik,,,Dindori (ST),122,,203,12,5,0,17,0,Gaikwad Chandar Namdev,,377,430,807,0,807
Nashik,,,Dindori (ST),122,,204,11,0,0,11,0,Gaikwad Chandar Namdev,,538,488,1026,0,1026
Nashik,,,Dindori (ST),122,,205,7,1,0,8,0,Gaikwad Chandar Namdev,,451,467,918,0,918
Nashik,,,Dindori (ST),122,,206,10,14,0,24,0,Gaikwad Chandar Namdev,,552,479,1031,0,1031
Nashik,,,Dindori (ST),122,,207,13,3,0,16,0,Gaikwad Chandar Namdev,,416,493,909,0,909
Nashik,,,Dindori (ST),122,,208,19,3,0,22,0,Gaikwad Chandar Namdev,,379,452,831,0,831
Nashik,,,Dindori (ST),122,,209,9,0,0,9,0,Gaikwad Chandar Namdev,,186,384,570,0,570
Nashik,,,Dindori (ST),122,,210,12,1,0,13,0,Gaikwad Chandar Namdev,,411,388,799,0,799
Nashik,,,Dindori (ST),122,,211,21,1,0,22,0,Gaikwad Chandar Namdev,,347,395,742,0,742
Nashik,,,Dindori (ST),122,,212,25,8,0,33,0,Gaikwad Chandar Namdev,,597,468,1065,0,1065
Nashik,,,Dindori (ST),122,,213,9,0,0,9,0,Gaikwad Chandar Namdev,,437,509,946,0,946
Nashik,,,Dindori (ST),122,,214,15,1,0,16,0,Gaikwad Chandar Namdev,,405,514,919,0,919
Nashik,,,Dindori (ST),122,,215,21,4,0,25,0,Gaikwad Chandar Namdev,,205,343,548,0,548
Nashik,,,Dindori (ST),122,,216,15,5,0,20,0,Gaikwad Chandar Namdev,,560,468,1028,0,1028
Nashik,,,Dindori (ST),122,,217,21,4,0,25,0,Gaikwad Chandar Namdev,,430,633,1063,0,1063
Nashik,,,Dindori (ST),122,,218,38,6,0,44,0,Gaikwad Chandar Namdev,,595,696,1291,0,1291
Nashik,,,Dindori (ST),122,,219,16,0,0,16,0,Gaikwad Chandar Namdev,,442,462,904,0,904
Nashik,,,Dindori (ST),122,,220,19,0,0,19,0,Gaikwad Chandar Namdev,,405,688,1093,0,1093
Nashik,,,Dindori (ST),122,,221,15,1,0,16,0,Gaikwad Chandar Namdev,,290,476,766,0,766
Nashik,,,Dindori (ST),122,,222,17,5,0,22,0,Gaikwad Chandar Namdev,,429,430,859,0,859
Nashik,,,Dindori (ST),122,,223,17,4,0,21,0,Gaikwad Chandar Namdev,,568,780,1348,0,1348
Nashik,,,Dindori (ST),122,,224,31,5,0,36,0,Gaikwad Chandar Namdev,,524,592,1116,0,1116
Nashik,,,Dindori (ST),122,,225,19,6,0,25,0,Gaikwad Chandar Namdev,,565,566,1131,0,1131
Nashik,,,Dindori (ST),122,,226,29,5,0,34,0,Gaikwad Chandar Namdev,,631,528,1159,0,1159
Nashik,,,Dindori (ST),122,,227,33,5,0,38,0,Gaikwad Chandar Namdev,,494,504,998,0,998
Nashik,,,Dindori (ST),122,,228,12,7,0,19,0,Gaikwad Chandar Namdev,,251,644,895,0,895
Nashik,,,Dindori (ST),122,,229,9,1,0,10,0,Gaikwad Chandar Namdev,,146,397,543,0,543
Nashik,,,Dindori (ST),122,,230,12,2,0,14,0,Gaikwad Chandar Namdev,,446,650,1096,0,1096
Nashik,,,Dindori (ST),122,,231,6,1,0,7,0,Gaikwad Chandar Namdev,,174,411,585,0,585
Nashik,,,Dindori (ST),122,,232,12,0,0,12,0,Gaikwad Chandar Namdev,,246,562,808,0,808
Nashik,,,Dindori (ST),122,,233,15,2,0,17,0,Gaikwad Chandar Namdev,,422,623,1045,0,1045
Nashik,,,Dindori (ST),122,,234,29,4,0,33,0,Gaikwad Chandar Namdev,,471,684,1155,0,1155
Nashik,,,Dindori (ST),122,,235,9,1,0,10,0,Gaikwad Chandar Namdev,,380,482,862,0,862
Nashik,,,Dindori (ST),122,,236,12,0,0,12,0,Gaikwad Chandar Namdev,,409,480,889,0,889
Nashik,,,Dindori (ST),122,,237,15,1,0,16,0,Gaikwad Chandar Namdev,,561,527,1088,0,1088
Nashik,,,Dindori (ST),122,,238,23,4,0,27,0,Gaikwad Chandar Namdev,,500,626,1126,0,1126
Nashik,,,Dindori (ST),122,,239,15,1,0,16,0,Gaikwad Chandar Namdev,,414,556,970,0,970
Nashik,,,Dindori (ST),122,,240,15,3,0,18,0,Gaikwad Chandar Namdev,,396,652,1048,0,1048
Nashik,,,Dindori (ST),122,,241,9,7,0,16,0,Gaikwad Chandar Namdev,,499,612,1111,0,1111
Nashik,,,Dindori (ST),122,,242,9,1,0,10,0,Gaikwad Chandar Namdev,,389,496,885,0,885
Nashik,,,Dindori (ST),122,,243,22,10,0,32,0,Gaikwad Chandar Namdev,,621,706,1327,0,1327
Nashik,,,Dindori (ST),122,,244,11,2,0,13,0,Gaikwad Chandar Namdev,,528,599,1127,0,1127
Nashik,,,Dindori (ST),122,,245,21,4,0,25,0,Gaikwad Chandar Namdev,,433,659,1092,0,1092
Nashik,,,Dindori (ST),122,,246,28,6,0,34,0,Gaikwad Chandar Namdev,,293,696,989,0,989
Nashik,,,Dindori (ST),122,,247,16,3,0,19,0,Gaikwad Chandar Namdev,,175,505,680,0,680
Nashik,,,Dindori (ST),122,,248,30,8,0,38,0,Gaikwad Chandar Namdev,,335,970,1305,0,1305
Nashik,,,Dindori (ST),122,,249,41,15,0,56,0,Gaikwad Chandar Namdev,,296,640,936,0,936
Nashik,,,Dindori (ST),122,,250,16,0,0,16,0,Gaikwad Chandar Namdev,,229,432,661,0,661
Nashik,,,Dindori (ST),122,,251,26,2,0,28,0,Gaikwad Chandar Namdev,,542,617,1159,0,1159
Nashik,,,Dindori (ST),122,,252,34,3,0,37,0,Gaikwad Chandar Namdev,,463,597,1060,0,1060
Nashik,,,Dindori (ST),122,,253,47,7,0,54,0,Gaikwad Chandar Namdev,,103,1109,1212,0,1212
Nashik,,,Dindori (ST),122,,254,45,15,0,60,0,Gaikwad Chandar Namdev,,88,591,679,0,679
Nashik,,,Dindori (ST),122,,255,25,16,0,41,0,Gaikwad Chandar Namdev,,418,459,877,0,877
Nashik,,,Dindori (ST),122,,256,18,4,0,22,0,Gaikwad Chandar Namdev,,406,452,858,0,858
Nashik,,,Dindori (ST),122,,257,11,6,0,17,0,Gaikwad Chandar Namdev,,481,448,929,0,929
Nashik,,,Dindori (ST),122,,258,19,10,0,29,0,Gaikwad Chandar Namdev,,320,483,803,0,803
Nashik,,,Dindori (ST),122,,259,24,8,0,32,0,Gaikwad Chandar Namdev,,451,512,963,0,963
Nashik,,,Dindori (ST),122,,260,35,15,0,50,0,Gaikwad Chandar Namdev,,307,438,745,0,745
Nashik,,,Dindori (ST),122,,261,34,7,0,41,0,Gaikwad Chandar Namdev,,401,518,919,0,919
Nashik,,,Dindori (ST),122,,262,9,0,0,9,0,Gaikwad Chandar Namdev,,216,295,511,0,511
Nashik,,,Dindori (ST),122,,263,31,19,0,50,0,Gaikwad Chandar Namdev,,285,476,761,0,761
Nashik,,,Dindori (ST),122,,264,26,3,0,29,0,Gaikwad Chandar Namdev,,292,508,800,0,800
Nashik,,,Dindori (ST),122,,265,23,5,0,28,0,Gaikwad Chandar Namdev,,295,424,719,0,719
Nashik,,,Dindori (ST),122,,266,10,3,0,13,0,Gaikwad Chandar Namdev,,290,319,609,0,609
Nashik,,,Dindori (ST),122,,267,21,2,0,23,0,Gaikwad Chandar Namdev,,224,342,566,0,566
Nashik,,,Dindori (ST),122,,268,29,7,0,36,0,Gaikwad Chandar Namdev,,129,495,624,0,624
Nashik,,,Dindori (ST),122,,269,7,2,0,9,0,Gaikwad Chandar Namdev,,65,319,384,0,384
Nashik,,,Dindori (ST),122,,270,54,6,0,60,0,Gaikwad Chandar Namdev,,537,481,1018,0,1018
Nashik,,,Dindori (ST),122,,271,7,1,0,8,0,Gaikwad Chandar Namdev,,198,347,545,0,545
Nashik,,,Dindori (ST),122,,272,23,11,0,34,0,Gaikwad Chandar Namdev,,497,454,951,0,951
Nashik,,,Dindori (ST),122,,273,25,3,0,28,0,Gaikwad Chandar Namdev,,584,427,1011,0,1011
Nashik,,,Dindori (ST),122,,274,33,7,0,40,0,Gaikwad Chandar Namdev,,271,405,676,0,676
Nashik,,,Dindori (ST),122,,275,38,22,0,60,0,Gaikwad Chandar Namdev,,260,732,992,0,992
Nashik,,,Dindori (ST),122,,276,19,5,0,24,0,Gaikwad Chandar Namdev,,171,451,622,0,622
Nashik,,,Dindori (ST),122,,277,48,8,0,56,0,Gaikwad Chandar Namdev,,197,511,708,0,708
Nashik,,,Dindori (ST),122,,278,13,3,0,16,0,Gaikwad Chandar Namdev,,157,462,619,0,619
Nashik,,,Dindori (ST),122,,279,19,4,0,23,0,Gaikwad Chandar Namdev,,181,386,567,0,567
Nashik,,,Dindori (ST),122,,280,28,7,0,35,0,Gaikwad Chandar Namdev,,325,421,746,0,746
Nashik,,,Dindori (ST),122,,281,11,3,0,14,0,Gaikwad Chandar Namdev,,196,329,525,0,525
Nashik,,,Dindori (ST),122,,282,40,5,0,45,0,Gaikwad Chandar Namdev,,299,492,791,0,791
Nashik,,,Dindori (ST),122,,283,23,2,0,25,0,Gaikwad Chandar Namdev,,228,390,618,0,618
Nashik,,,Dindori (ST),122,,284,47,10,0,57,0,Gaikwad Chandar Namdev,,364,595,959,0,959
Nashik,,,Dindori (ST),122,,285,14,5,0,19,0,Gaikwad Chandar Namdev,,113,404,517,0,517
Nashik,,,Dindori (ST),122,,286,35,19,0,54,0,Gaikwad Chandar Namdev,,430,644,1074,0,1074
Nashik,,,Dindori (ST),122,,287,23,8,0,31,0,Gaikwad Chandar Namdev,,352,503,855,0,855
Nashik,,,Dindori (ST),122,,288,34,7,0,41,0,Gaikwad Chandar Namdev,,271,563,834,0,834
Nashik,,,Dindori (ST),122,,289,39,100,0,139,0,Gaikwad Chandar Namdev,,491,449,940,0,940
Nashik,,,Dindori (ST),122,,290,12,7,0,19,0,Gaikwad Chandar Namdev,,485,669,1154,0,1154
Nashik,,,Dindori (ST),122,,291,31,10,0,41,0,Gaikwad Chandar Namdev,,483,647,1130,0,1130
Nashik,,,Dindori (ST),122,,292,49,11,0,60,0,Gaikwad Chandar Namdev,,464,710,1174,0,1174
Nashik,,,Dindori (ST),122,,293,46,9,0,55,0,Gaikwad Chandar Namdev,,239,796,1035,0,1035
Nashik,,,Dindori (ST),122,,294,51,22,0,73,0,Gaikwad Chandar Namdev,,647,626,1273,0,1273
Nashik,,,Dindori (ST),122,,295,75,11,0,86,0,Gaikwad Chandar Namdev,,394,815,1209,0,1209
Nashik,,,Dindori (ST),122,,296,84,6,0,90,0,Gaikwad Chandar Namdev,,242,860,1102,0,1102
Nashik,,,Dindori (ST),122,,297,76,19,0,95,0,Gaikwad Chandar Namdev,,242,817,1059,0,1059
Nashik,,,Dindori (ST),122,,298,92,19,0,111,0,Gaikwad Chandar Namdev,,267,916,1183,0,1183
Nashik,,,Dindori (ST),122,,299,39,6,0,45,0,Gaikwad Chandar Namdev,,83,818,901,0,901
Nashik,,,Dindori (ST),122,,300,39,8,0,47,0,Gaikwad Chandar Namdev,,325,746,1071,0,1071
Nashik,,,Dindori (ST),122,,301,27,5,0,32,0,Gaikwad Chandar Namdev,,396,529,925,0,925
Nashik,,,Dindori (ST),122,,302,12,0,0,12,0,Gaikwad Chandar Namdev,,291,591,882,0,882
Nashik,,,Dindori (ST),122,,303,34,4,0,38,0,Gaikwad Chandar Namdev,,261,666,927,0,927
Nashik,,,Dindori (ST),122,,304,56,7,0,63,0,Gaikwad Chandar Namdev,,265,771,1036,0,1036
Nashik,,,Dindori (ST),122,,305,47,5,0,52,0,Gaikwad Chandar Namdev,,253,612,865,0,865
Nashik,,,Dindori (ST),122,,306,37,30,0,67,0,Gaikwad Chandar Namdev,,504,541,1045,0,1045
Nashik,,,Dindori (ST),122,,307,12,3,0,15,0,Gaikwad Chandar Namdev,,200,448,648,0,648
Nashik,,,Dindori (ST),122,,308,18,2,0,20,0,Gaikwad Chandar Namdev,,661,635,1296,0,1296
Nashik,,,Dindori (ST),122,,309,15,1,0,16,0,Gaikwad Chandar Namdev,,446,610,1056,0,1056
Nashik,,,Dindori (ST),122,,310,11,4,0,15,0,Gaikwad Chandar Namdev,,317,646,963,0,963
Nashik,,,Dindori (ST),122,,311,35,6,0,41,0,Gaikwad Chandar Namdev,,428,804,1232,0,1232
Nashik,,,Dindori (ST),122,,312,37,49,0,86,0,Gaikwad Chandar Namdev,,263,551,814,0,814
Nashik,,,Dindori (ST),122,,313,28,1,0,29,0,Gaikwad Chandar Namdev,,483,905,1388,0,1388
Nashik,,,Dindori (ST),122,,314,14,3,0,17,0,Gaikwad Chandar Namdev,,534,659,1193,0,1193
Nashik,,,Dindori (ST),122,,315,19,5,0,24,0,Gaikwad Chandar Namdev,,418,602,1020,0,1020
Nashik,,,Dindori (ST),122,,316,23,8,0,31,0,Gaikwad Chandar Namdev,,473,579,1052,0,1052
Nashik,,,Dindori (ST),122,,317,23,1,0,24,0,Gaikwad Chandar Namdev,,427,684,1111,0,1111
Nashik,,,Dindori (ST),122,,318,25,2,0,27,0,Gaikwad Chandar Namdev,,413,719,1132,0,1132
Nashik,,,Dindori (ST),122,,319,23,1,0,24,0,Gaikwad Chandar Namdev,,542,746,1288,0,1288
Nashik,,,Dindori (ST),122,,320,27,2,0,29,0,Gaikwad Chandar Namdev,,465,796,1261,0,1261
Nashik,,,Dindori (ST),122,,321,14,0,0,14,0,Gaikwad Chandar Namdev,,309,517,826,0,826
Nashik,,,Dindori (ST),122,,322,15,0,0,15,0,Gaikwad Chandar Namdev,,302,561,863,0,863
Nashik,,,Dindori (ST),122,,323,29,0,0,29,0,Gaikwad Chandar Namdev,,458,662,1120,0,1120
Nashik,,,Dindori (ST),122,,324,18,0,0,18,0,Gaikwad Chandar Namdev,,197,501,698,0,698
Nashik,,,Dindori (ST),122,,325,27,3,0,30,0,Gaikwad Chandar Namdev,,288,605,893,0,893
Nashik,,,Dindori (ST),122,,326,13,4,0,17,0,Gaikwad Chandar Namdev,,208,617,825,0,825
Nashik,,,Dindori (ST),122,,327,31,4,0,35,0,Gaikwad Chandar Namdev,,439,665,1104,0,1104
Nashik,,,Dindori (ST),122,,328,38,23,0,61,0,Gaikwad Chandar Namdev,,344,671,1015,0,1015
Nashik,,,Dindori (ST),122,,329,29,2,0,31,0,Gaikwad Chandar Namdev,,475,770,1245,0,1245
Nashik,,,Dindori (ST),122,,330,19,1,0,20,0,Gaikwad Chandar Namdev,,436,628,1064,0,1064
Nashik,,,Dindori (ST),122,,331,25,7,0,32,0,Gaikwad Chandar Namdev,,428,621,1049,0,1049
Nashik,,,Dindori (ST),122,,332,24,7,0,31,0,Gaikwad Chandar Namdev,,480,683,1163,0,1163
Nashik,,,Dindori (ST),122,,333,35,3,0,38,0,Gaikwad Chandar Namdev,,547,643,1190,0,1190
Nashik,,,Dindori (ST),122,,334,17,0,0,17,0,Gaikwad Chandar Namdev,,472,558,1030,0,1030
Nashik,,,Dindori (ST),122,,335,43,14,0,57,0,Gaikwad Chandar Namdev,,302,713,1015,0,1015
Nashik,,,Dindori (ST),122,,336,44,2,0,46,0,Gaikwad Chandar Namdev,,63,605,668,0,668
Nashik,,,Dindori (ST),122,,337,41,6,0,47,0,Gaikwad Chandar Namdev,,339,655,994,0,994
Nashik,,,Dindori (ST),122,,338,27,4,0,31,0,Gaikwad Chandar Namdev,,283,677,960,0,960
Nashik,,,Dindori (ST),122,,339,40,7,0,47,0,Gaikwad Chandar Namdev,,521,610,1131,0,1131
Nashik,,,Dindori (ST),122,,340,46,12,0,58,0,Gaikwad Chandar Namdev,,389,771,1160,0,1160
Nashik,,,Dindori (ST),122,,341,51,10,0,61,0,Gaikwad Chandar Namdev,,369,860,1229,0,1229
Nashik,,,Dindori (ST),122,,342,44,7,0,51,0,Gaikwad Chandar Namdev,,303,685,988,0,988
Nashik,,,Dindori (ST),122,,343,24,6,0,30,0,Gaikwad Chandar Namdev,,252,534,786,0,786
Nashik,,,Dindori (ST),122,,344,31,13,0,44,0,Gaikwad Chandar Namdev,,193,497,690,0,690
Nashik,,,Dindori (ST),122,,345,43,13,0,56,0,Gaikwad Chandar Namdev,,353,641,994,0,994
Nashik,,,Dindori (ST),122,,346,24,12,0,36,0,Gaikwad Chandar Namdev,,148,582,730,0,730
Nashik,,,Dindori (ST),122,,347,14,0,0,14,0,Gaikwad Chandar Namdev,,101,412,513,0,513
Nashik,,,Dindori (ST),122,,348,25,7,0,32,0,Gaikwad Chandar Namdev,,324,569,893,0,893
Nashik,,,Dindori (ST),122,,349,29,12,0,41,0,Gaikwad Chandar Namdev,,512,675,1187,0,1187
Nashik,,,Dindori (ST),122,,350,29,7,0,36,0,Gaikwad Chandar Namdev,,433,513,946,0,946
Nashik,,,Dindori (ST),122,,351,12,5,0,17,0,Gaikwad Chandar Namdev,,134,468,602,0,602
Nashik,,,Dindori (ST),122,,352,28,4,0,32,0,Gaikwad Chandar Namdev,,496,483,979,0,979
Nashik,,,Dindori (ST),122,,353,23,5,0,28,0,Gaikwad Chandar Namdev,,432,619,1051,0,1051
Nashik,,,Dindori (ST),122,,354,28,6,0,34,0,Gaikwad Chandar Namdev,,197,536,733,0,733
Nashik,,,Dindori (ST),122,,355,27,3,0,30,0,Gaikwad Chandar Namdev,,415,525,940,0,940
Nashik,,,Dindori (ST),122,,356,38,12,0,50,0,Gaikwad Chandar Namdev,,273,622,895,0,895
Nashik,,,Dindori (ST),122,,357,88,14,0,102,0,Gaikwad Chandar Namdev,,466,740,1206,0,1206
Nashik,,,Dindori (ST),122,,358,41,0,0,41,0,Gaikwad Chandar Namdev,,373,569,942,0,942
Nashik,,,Dindori (ST),122,,359,60,10,0,70,0,Gaikwad Chandar Namdev,,424,777,1201,0,1201
Nashik,,,Dindori (ST),122,,360,29,2,0,31,0,Gaikwad Chandar Namdev,,113,564,677,0,677
Nashik,,,Dindori (ST),122,,361,22,4,0,26,0,Gaikwad Chandar Namdev,,268,497,765,0,765
Nashik,,,Dindori (ST),122,,362,15,4,0,19,0,Gaikwad Chandar Namdev,,454,611,1065,0,1065
Nashik,,,Dindori (ST),122,,363,40,9,0,49,0,Gaikwad Chandar Namdev,,409,682,1091,0,1091
Nashik,,,Dindori (ST),122,,364,42,2,0,44,0,Gaikwad Chandar Namdev,,371,783,1154,0,1154
Nashik,,,Dindori (ST),122,,365,35,6,0,41,0,Gaikwad Chandar Namdev,,386,734,1120,0,1120
Nashik,,,Dindori (ST),122,,366,15,1,0,16,0,Gaikwad Chandar Namdev,,558,543,1101,0,1101
Nashik,,,Dindori (ST),122,,367,7,3,0,10,0,Gaikwad Chandar Namdev,,368,491,859,0,859
Nashik,,,Dindori (ST),122,,368,15,3,0,18,0,Gaikwad Chandar Namdev,,469,514,983,0,983
Nashik,,,Dindori (ST),122,,369,12,6,0,18,0,Gaikwad Chandar Namdev,,493,523,1016,0,1016
Nashik,,,Dindori (ST),122,,370,41,10,0,51,0,Gaikwad Chandar Namdev,,733,734,1467,0,1467
Nashik,,,Dindori (ST),122,,371,30,5,0,35,0,Gaikwad Chandar Namdev,,558,677,1235,0,1235
Nashik,,,Dindori (ST),122,,372,11,2,0,13,0,Gaikwad Chandar Namdev,,570,799,1369,0,1369
Nashik,,,Dindori (ST),122,,373,11,1,0,12,0,Gaikwad Chandar Namdev,,492,710,1202,0,1202
TOTAL,,,,,,,9278,16769,0,26047,102,,,131718,179291,311009,102,311111
