District Name,District No,Jilha,Constituency Name,Constituency No,Total No. of Electors,Serial Poll,Total No. Valid Votes,No. of Rejected Votes,NOTA,Total,No. of Tendered Votes,Elected Person Name,Party Name of Elected Person,No. of Valid Votes Cast in Favour of Elected Person,Other Candidate Votes,Total EVM Votes,Total Postal ballot votes,Total Votes Polled
Aurangabad,,,Aurangabad (Central),107,,1,2,0,0,2,0,TNANA SAHUS EHTARHSAD,,558,117,675,0,675
Aurangabad,,,Aurangabad (Central),107,,2,6,1,0,7,0,TNANA SAHUS EHTARHSAD,,590,77,667,0,667
Aurangabad,,,Aurangabad (Central),107,,3,103,0,0,103,0,TNANA SAHUS EHTARHSAD,,398,129,527,0,527
Aurangabad,,,Aurangabad (Central),107,,4,240,0,0,240,0,TNANA SAHUS EHTARHSAD,,219,148,367,0,367
Aurangabad,,,Aurangabad (Central),107,,5,342,1,0,343,0,TNANA SAHUS EHTARHSAD,,175,171,346,0,346
Aurangabad,,,Aurangabad (Central),107,,6,571,1,268,572,0,TNANA SAHUS EHTARHSAD,,80,223,303,0,303
Aurangabad,,,Aurangabad (Central),107,,7,465,0,352,465,0,TNANA SAHUS EHTARHSAD,,36,77,113,0,113
Aurangabad,,,Aurangabad (Central),107,,8,319,1,113,320,0,TNANA SAHUS EHTARHSAD,,96,110,206,0,206
Aurangabad,,,Aurangabad (Central),107,,9,697,2,528,699,1,TNANA SAHUS EHTARHSAD,,56,113,169,1,170
Aurangabad,,,Aurangabad (Central),107,,10,593,1,285,594,1,TNANA SAHUS EHTARHSAD,,128,180,308,1,309
Aurangabad,,,Aurangabad (Central),107,,11,511,3,69,514,2,TNANA SAHUS EHTARHSAD,,193,249,442,2,444
Aurangabad,,,Aurangabad (Central),107,,12,9,0,0,9,0,TNANA SAHUS EHTARHSAD,,507,278,785,0,785
Aurangabad,,,Aurangabad (Central),107,,13,2,0,0,2,0,TNANA SAHUS EHTARHSAD,,423,175,598,0,598
Aurangabad,,,Aurangabad (Central),107,,14,26,0,0,26,0,TNANA SAHUS EHTARHSAD,,462,142,604,0,604
Aurangabad,,,Aurangabad (Central),107,,15,3,0,0,3,0,TNANA SAHUS EHTARHSAD,,369,199,568,0,568
Aurangabad,,,Aurangabad (Central),107,,16,22,1,0,23,3,TNANA SAHUS EHTARHSAD,,433,123,556,3,559
Aurangabad,,,Aurangabad (Central),107,,17,48,1,0,49,0,TNANA SAHUS EHTARHSAD,,288,150,438,0,438
Aurangabad,,,Aurangabad (Central),107,,18,8,0,0,8,0,TNANA SAHUS EHTARHSAD,,547,223,770,0,770
Aurangabad,,,Aurangabad (Central),107,,19,11,1,0,12,0,TNANA SAHUS EHTARHSAD,,478,317,795,0,795
Aurangabad,,,Aurangabad (Central),107,,20,540,0,212,540,0,TNANA SAHUS EHTARHSAD,,178,150,328,0,328
Aurangabad,,,Aurangabad (Central),107,,21,281,0,0,281,2,TNANA SAHUS EHTARHSAD,,350,185,535,2,537
Aurangabad,,,Aurangabad (Central),107,,22,6,0,0,6,0,TNANA SAHUS EHTARHSAD,,468,251,719,0,719
Aurangabad,,,Aurangabad (Central),107,,23,1,0,0,1,0,TNANA SAHUS EHTARHSAD,,459,273,732,0,732
Aurangabad,,,Aurangabad (Central),107,,24,4,0,0,4,1,TNANA SAHUS EHTARHSAD,,460,259,719,1,720
Aurangabad,,,Aurangabad (Central),107,,25,5,0,0,5,0,TNANA SAHUS EHTARHSAD,,387,192,579,0,579
Aurangabad,,,Aurangabad (Central),107,,26,6,0,0,6,0,TNANA SAHUS EHTARHSAD,,356,137,493,0,493
Aurangabad,,,Aurangabad (Central),107,,27,413,1,186,414,1,TNANA SAHUS EHTARHSAD,,88,139,227,1,228
Aurangabad,,,Aurangabad (Central),107,,28,378,0,13,378,1,TNANA SAHUS EHTARHSAD,,172,193,365,1,366
Aurangabad,,,Aurangabad (Central),107,,29,285,1,0,286,9,TNANA SAHUS EHTARHSAD,,315,355,670,9,679
Aurangabad,,,Aurangabad (Central),107,,30,453,1,22,454,2,TNANA SAHUS EHTARHSAD,,186,245,431,2,433
Aurangabad,,,Aurangabad (Central),107,,31,140,0,0,140,6,TNANA SAHUS EHTARHSAD,,309,357,666,6,672
Aurangabad,,,Aurangabad (Central),107,,32,39,1,0,40,7,TNANA SAHUS EHTARHSAD,,199,257,456,7,463
Aurangabad,,,Aurangabad (Central),107,,33,67,1,0,68,9,TNANA SAHUS EHTARHSAD,,203,270,473,9,482
Aurangabad,,,Aurangabad (Central),107,,34,100,0,0,100,3,TNANA SAHUS EHTARHSAD,,491,329,820,3,823
Aurangabad,,,Aurangabad (Central),107,,35,295,0,0,295,0,TNANA SAHUS EHTARHSAD,,388,243,631,0,631
Aurangabad,,,Aurangabad (Central),107,,36,74,0,0,74,1,TNANA SAHUS EHTARHSAD,,376,237,613,1,614
Aurangabad,,,Aurangabad (Central),107,,37,275,0,0,275,2,TNANA SAHUS EHTARHSAD,,224,179,403,2,405
Aurangabad,,,Aurangabad (Central),107,,38,211,1,0,212,0,TNANA SAHUS EHTARHSAD,,408,289,697,0,697
Aurangabad,,,Aurangabad (Central),107,,39,302,2,0,304,9,TNANA SAHUS EHTARHSAD,,366,273,639,9,648
Aurangabad,,,Aurangabad (Central),107,,40,81,1,0,82,7,TNANA SAHUS EHTARHSAD,,345,371,716,7,723
Aurangabad,,,Aurangabad (Central),107,,41,196,1,0,197,6,TNANA SAHUS EHTARHSAD,,333,276,609,6,615
Aurangabad,,,Aurangabad (Central),107,,42,139,1,0,140,3,TNANA SAHUS EHTARHSAD,,503,259,762,3,765
Aurangabad,,,Aurangabad (Central),107,,43,9,2,0,11,0,TNANA SAHUS EHTARHSAD,,521,194,715,0,715
Aurangabad,,,Aurangabad (Central),107,,44,4,2,0,6,0,TNANA SAHUS EHTARHSAD,,376,158,534,0,534
Aurangabad,,,Aurangabad (Central),107,,45,6,0,0,6,0,TNANA SAHUS EHTARHSAD,,478,215,693,0,693
Aurangabad,,,Aurangabad (Central),107,,46,12,0,0,12,0,TNANA SAHUS EHTARHSAD,,633,238,871,0,871
Aurangabad,,,Aurangabad (Central),107,,47,3,2,0,5,0,TNANA SAHUS EHTARHSAD,,539,204,743,0,743
Aurangabad,,,Aurangabad (Central),107,,48,8,0,0,8,1,TNANA SAHUS EHTARHSAD,,436,205,641,1,642
Aurangabad,,,Aurangabad (Central),107,,49,3,1,0,4,0,TNANA SAHUS EHTARHSAD,,399,205,604,0,604
Aurangabad,,,Aurangabad (Central),107,,50,5,0,0,5,0,TNANA SAHUS EHTARHSAD,,584,271,855,0,855
Aurangabad,,,Aurangabad (Central),107,,51,3,0,0,3,0,TNANA SAHUS EHTARHSAD,,611,253,864,0,864
Aurangabad,,,Aurangabad (Central),107,,52,24,0,0,24,1,TNANA SAHUS EHTARHSAD,,508,242,750,1,751
Aurangabad,,,Aurangabad (Central),107,,53,5,0,0,5,1,TNANA SAHUS EHTARHSAD,,515,243,758,1,759
Aurangabad,,,Aurangabad (Central),107,,54,2,1,0,3,0,TNANA SAHUS EHTARHSAD,,539,246,785,0,785
Aurangabad,,,Aurangabad (Central),107,,55,6,0,0,6,0,TNANA SAHUS EHTARHSAD,,320,231,551,0,551
Aurangabad,,,Aurangabad (Central),107,,56,2,0,0,2,0,TNANA SAHUS EHTARHSAD,,360,215,575,0,575
Aurangabad,,,Aurangabad (Central),107,,57,312,2,0,314,1,TNANA SAHUS EHTARHSAD,,159,189,348,1,349
Aurangabad,,,Aurangabad (Central),107,,58,269,1,0,270,0,TNANA SAHUS EHTARHSAD,,180,178,358,0,358
Aurangabad,,,Aurangabad (Central),107,,59,341,0,0,341,1,TNANA SAHUS EHTARHSAD,,182,179,361,1,362
Aurangabad,,,Aurangabad (Central),107,,60,522,0,80,522,0,TNANA SAHUS EHTARHSAD,,231,211,442,0,442
Aurangabad,,,Aurangabad (Central),107,,61,288,1,0,289,1,TNANA SAHUS EHTARHSAD,,149,183,332,1,333
Aurangabad,,,Aurangabad (Central),107,,62,405,2,34,407,0,TNANA SAHUS EHTARHSAD,,162,209,371,0,371
Aurangabad,,,Aurangabad (Central),107,,63,212,0,0,212,1,TNANA SAHUS EHTARHSAD,,165,193,358,1,359
Aurangabad,,,Aurangabad (Central),107,,64,277,4,0,281,1,TNANA SAHUS EHTARHSAD,,107,183,290,1,291
Aurangabad,,,Aurangabad (Central),107,,65,410,1,0,411,0,TNANA SAHUS EHTARHSAD,,219,253,472,0,472
Aurangabad,,,Aurangabad (Central),107,,66,202,1,0,203,1,TNANA SAHUS EHTARHSAD,,158,177,335,1,336
Aurangabad,,,Aurangabad (Central),107,,67,245,1,0,246,1,TNANA SAHUS EHTARHSAD,,144,169,313,1,314
Aurangabad,,,Aurangabad (Central),107,,68,584,1,199,585,0,TNANA SAHUS EHTARHSAD,,141,244,385,0,385
Aurangabad,,,Aurangabad (Central),107,,69,291,2,0,293,1,TNANA SAHUS EHTARHSAD,,313,274,587,1,588
Aurangabad,,,Aurangabad (Central),107,,70,3,0,0,3,0,TNANA SAHUS EHTARHSAD,,360,301,661,0,661
Aurangabad,,,Aurangabad (Central),107,,71,6,0,0,6,0,TNANA SAHUS EHTARHSAD,,472,357,829,0,829
Aurangabad,,,Aurangabad (Central),107,,72,47,0,0,47,0,TNANA SAHUS EHTARHSAD,,448,328,776,0,776
Aurangabad,,,Aurangabad (Central),107,,73,14,0,0,14,0,TNANA SAHUS EHTARHSAD,,420,276,696,0,696
Aurangabad,,,Aurangabad (Central),107,,74,6,0,0,6,0,TNANA SAHUS EHTARHSAD,,398,232,630,0,630
Aurangabad,,,Aurangabad (Central),107,,75,9,0,0,9,1,TNANA SAHUS EHTARHSAD,,480,263,743,1,744
Aurangabad,,,Aurangabad (Central),107,,76,5,0,0,5,0,TNANA SAHUS EHTARHSAD,,519,264,783,0,783
Aurangabad,,,Aurangabad (Central),107,,77,4,0,0,4,0,TNANA SAHUS EHTARHSAD,,371,242,613,0,613
Aurangabad,,,Aurangabad (Central),107,,78,7,0,0,7,0,TNANA SAHUS EHTARHSAD,,475,305,780,0,780
Aurangabad,,,Aurangabad (Central),107,,79,113,0,0,113,0,TNANA SAHUS EHTARHSAD,,361,319,680,0,680
Aurangabad,,,Aurangabad (Central),107,,80,2,1,0,3,0,TNANA SAHUS EHTARHSAD,,377,301,678,0,678
Aurangabad,,,Aurangabad (Central),107,,81,1,0,0,1,0,TNANA SAHUS EHTARHSAD,,432,369,801,0,801
Aurangabad,,,Aurangabad (Central),107,,82,0,0,0,0,0,TNANA SAHUS EHTARHSAD,,309,222,531,0,531
Aurangabad,,,Aurangabad (Central),107,,83,1,0,0,1,0,TNANA SAHUS EHTARHSAD,,489,250,739,0,739
Aurangabad,,,Aurangabad (Central),107,,84,2,0,0,2,0,TNANA SAHUS EHTARHSAD,,468,279,747,0,747
Aurangabad,,,Aurangabad (Central),107,,85,5,0,0,5,0,TNANA SAHUS EHTARHSAD,,445,239,684,0,684
Aurangabad,,,Aurangabad (Central),107,,86,0,0,0,0,0,TNANA SAHUS EHTARHSAD,,403,238,641,0,641
Aurangabad,,,Aurangabad (Central),107,,87,2,0,0,2,0,TNANA SAHUS EHTARHSAD,,332,237,569,0,569
Aurangabad,,,Aurangabad (Central),107,,88,2,0,0,2,0,TNANA SAHUS EHTARHSAD,,506,375,881,0,881
Aurangabad,,,Aurangabad (Central),107,,89,3,0,0,3,1,TNANA SAHUS EHTARHSAD,,450,380,830,1,831
Aurangabad,,,Aurangabad (Central),107,,90,0,0,0,0,0,TNANA SAHUS EHTARHSAD,,485,286,771,0,771
Aurangabad,,,Aurangabad (Central),107,,91,2,1,0,3,0,TNANA SAHUS EHTARHSAD,,625,276,901,0,901
Aurangabad,,,Aurangabad (Central),107,,92,2,0,0,2,0,TNANA SAHUS EHTARHSAD,,599,284,883,0,883
Aurangabad,,,Aurangabad (Central),107,,93,1,0,0,1,0,TNANA SAHUS EHTARHSAD,,546,257,803,0,803
Aurangabad,,,Aurangabad (Central),107,,94,0,0,0,0,0,TNANA SAHUS EHTARHSAD,,461,284,745,0,745
Aurangabad,,,Aurangabad (Central),107,,95,2,0,0,2,0,TNANA SAHUS EHTARHSAD,,555,222,777,0,777
Aurangabad,,,Aurangabad (Central),107,,96,1,0,0,1,1,TNANA SAHUS EHTARHSAD,,560,282,842,1,843
Aurangabad,,,Aurangabad (Central),107,,97,3,0,0,3,0,TNANA SAHUS EHTARHSAD,,453,368,821,0,821
Aurangabad,,,Aurangabad (Central),107,,98,3,0,0,3,0,TNANA SAHUS EHTARHSAD,,574,249,823,0,823
Aurangabad,,,Aurangabad (Central),107,,99,2,0,0,2,0,TNANA SAHUS EHTARHSAD,,446,257,703,0,703
Aurangabad,,,Aurangabad (Central),107,,100,1,1,0,2,1,TNANA SAHUS EHTARHSAD,,456,275,731,1,732
Aurangabad,,,Aurangabad (Central),107,,101,0,0,0,0,0,TNANA SAHUS EHTARHSAD,,575,286,861,0,861
Aurangabad,,,Aurangabad (Central),107,,102,0,1,0,1,0,TNANA SAHUS EHTARHSAD,,618,281,899,0,899
Aurangabad,,,Aurangabad (Central),107,,103,320,0,0,320,0,TNANA SAHUS EHTARHSAD,,281,216,497,0,497
Aurangabad,,,Aurangabad (Central),107,,104,1,0,0,1,1,TNANA SAHUS EHTARHSAD,,371,197,568,1,569
Aurangabad,,,Aurangabad (Central),107,,105,0,0,0,0,0,TNANA SAHUS EHTARHSAD,,528,287,815,0,815
Aurangabad,,,Aurangabad (Central),107,,106,3,0,0,3,0,TNANA SAHUS EHTARHSAD,,633,257,890,0,890
Aurangabad,,,Aurangabad (Central),107,,107,0,0,0,0,0,TNANA SAHUS EHTARHSAD,,482,285,767,0,767
Aurangabad,,,Aurangabad (Central),107,,108,1,0,0,1,0,TNANA SAHUS EHTARHSAD,,433,325,758,0,758
Aurangabad,,,Aurangabad (Central),107,,109,1,0,0,1,0,TNANA SAHUS EHTARHSAD,,374,292,666,0,666
Aurangabad,,,Aurangabad (Central),107,,110,1,0,0,1,0,TNANA SAHUS EHTARHSAD,,281,258,539,0,539
Aurangabad,,,Aurangabad (Central),107,,111,25,0,0,25,0,TNANA SAHUS EHTARHSAD,,159,242,401,0,401
Aurangabad,,,Aurangabad (Central),107,,112,485,2,251,487,0,TNANA SAHUS EHTARHSAD,,52,182,234,0,234
Aurangabad,,,Aurangabad (Central),107,,113,649,1,444,650,0,TNANA SAHUS EHTARHSAD,,7,198,205,0,205
Aurangabad,,,Aurangabad (Central),107,,114,669,0,471,669,0,TNANA SAHUS EHTARHSAD,,15,183,198,0,198
Aurangabad,,,Aurangabad (Central),107,,115,373,0,0,373,1,TNANA SAHUS EHTARHSAD,,327,255,582,1,583
Aurangabad,,,Aurangabad (Central),107,,116,508,0,341,508,1,TNANA SAHUS EHTARHSAD,,6,161,167,1,168
Aurangabad,,,Aurangabad (Central),107,,117,579,0,386,579,0,TNANA SAHUS EHTARHSAD,,10,183,193,0,193
Aurangabad,,,Aurangabad (Central),107,,118,328,0,174,328,0,TNANA SAHUS EHTARHSAD,,4,150,154,0,154
Aurangabad,,,Aurangabad (Central),107,,119,552,1,393,553,0,TNANA SAHUS EHTARHSAD,,4,155,159,0,159
Aurangabad,,,Aurangabad (Central),107,,120,522,1,364,523,0,TNANA SAHUS EHTARHSAD,,3,155,158,0,158
Aurangabad,,,Aurangabad (Central),107,,121,324,1,158,325,0,TNANA SAHUS EHTARHSAD,,3,163,166,0,166
Aurangabad,,,Aurangabad (Central),107,,122,709,1,526,710,0,TNANA SAHUS EHTARHSAD,,4,179,183,0,183
Aurangabad,,,Aurangabad (Central),107,,123,716,1,498,717,1,TNANA SAHUS EHTARHSAD,,22,196,218,1,219
Aurangabad,,,Aurangabad (Central),107,,124,704,1,505,705,0,TNANA SAHUS EHTARHSAD,,4,195,199,0,199
Aurangabad,,,Aurangabad (Central),107,,125,658,1,470,659,0,TNANA SAHUS EHTARHSAD,,2,186,188,0,188
Aurangabad,,,Aurangabad (Central),107,,126,609,0,427,609,0,TNANA SAHUS EHTARHSAD,,9,173,182,0,182
Aurangabad,,,Aurangabad (Central),107,,127,440,0,0,440,0,TNANA SAHUS EHTARHSAD,,237,217,454,0,454
Aurangabad,,,Aurangabad (Central),107,,128,589,0,295,589,0,TNANA SAHUS EHTARHSAD,,48,246,294,0,294
Aurangabad,,,Aurangabad (Central),107,,129,612,0,357,612,1,TNANA SAHUS EHTARHSAD,,8,247,255,1,256
Aurangabad,,,Aurangabad (Central),107,,130,256,0,0,256,0,TNANA SAHUS EHTARHSAD,,133,206,339,0,339
Aurangabad,,,Aurangabad (Central),107,,131,465,0,138,465,1,TNANA SAHUS EHTARHSAD,,70,257,327,1,328
Aurangabad,,,Aurangabad (Central),107,,132,611,0,389,611,0,TNANA SAHUS EHTARHSAD,,16,206,222,0,222
Aurangabad,,,Aurangabad (Central),107,,133,585,0,306,585,0,TNANA SAHUS EHTARHSAD,,43,236,279,0,279
Aurangabad,,,Aurangabad (Central),107,,134,484,1,183,485,0,TNANA SAHUS EHTARHSAD,,116,185,301,0,301
Aurangabad,,,Aurangabad (Central),107,,135,459,0,212,459,0,TNANA SAHUS EHTARHSAD,,52,195,247,0,247
Aurangabad,,,Aurangabad (Central),107,,136,382,4,159,386,0,TNANA SAHUS EHTARHSAD,,20,203,223,0,223
Aurangabad,,,Aurangabad (Central),107,,137,494,0,253,494,0,TNANA SAHUS EHTARHSAD,,7,234,241,0,241
Aurangabad,,,Aurangabad (Central),107,,138,516,0,299,516,0,TNANA SAHUS EHTARHSAD,,5,212,217,0,217
Aurangabad,,,Aurangabad (Central),107,,139,646,2,384,648,0,TNANA SAHUS EHTARHSAD,,16,246,262,0,262
Aurangabad,,,Aurangabad (Central),107,,140,522,2,311,524,0,TNANA SAHUS EHTARHSAD,,29,182,211,0,211
Aurangabad,,,Aurangabad (Central),107,,141,675,1,429,676,0,TNANA SAHUS EHTARHSAD,,8,238,246,0,246
Aurangabad,,,Aurangabad (Central),107,,142,299,0,0,299,0,TNANA SAHUS EHTARHSAD,,184,225,409,0,409
Aurangabad,,,Aurangabad (Central),107,,143,201,1,0,202,1,TNANA SAHUS EHTARHSAD,,232,217,449,1,450
Aurangabad,,,Aurangabad (Central),107,,144,353,0,0,353,0,TNANA SAHUS EHTARHSAD,,267,232,499,0,499
Aurangabad,,,Aurangabad (Central),107,,145,292,2,0,294,0,TNANA SAHUS EHTARHSAD,,151,245,396,0,396
Aurangabad,,,Aurangabad (Central),107,,146,283,2,0,285,1,TNANA SAHUS EHTARHSAD,,153,253,406,1,407
Aurangabad,,,Aurangabad (Central),107,,147,260,0,0,260,0,TNANA SAHUS EHTARHSAD,,230,285,515,0,515
Aurangabad,,,Aurangabad (Central),107,,148,245,1,0,246,0,TNANA SAHUS EHTARHSAD,,135,230,365,0,365
Aurangabad,,,Aurangabad (Central),107,,149,454,0,29,454,3,TNANA SAHUS EHTARHSAD,,121,304,425,3,428
Aurangabad,,,Aurangabad (Central),107,,150,505,0,146,505,1,TNANA SAHUS EHTARHSAD,,72,287,359,1,360
Aurangabad,,,Aurangabad (Central),107,,151,398,0,29,398,0,TNANA SAHUS EHTARHSAD,,107,262,369,0,369
Aurangabad,,,Aurangabad (Central),107,,152,469,0,105,469,0,TNANA SAHUS EHTARHSAD,,88,276,364,0,364
Aurangabad,,,Aurangabad (Central),107,,153,342,2,0,344,0,TNANA SAHUS EHTARHSAD,,102,319,421,0,421
Aurangabad,,,Aurangabad (Central),107,,154,355,0,27,355,0,TNANA SAHUS EHTARHSAD,,55,273,328,0,328
Aurangabad,,,Aurangabad (Central),107,,155,216,0,0,216,2,TNANA SAHUS EHTARHSAD,,226,353,579,2,581
Aurangabad,,,Aurangabad (Central),107,,156,31,0,0,31,1,TNANA SAHUS EHTARHSAD,,321,376,697,1,698
Aurangabad,,,Aurangabad (Central),107,,157,53,0,0,53,0,TNANA SAHUS EHTARHSAD,,256,299,555,0,555
Aurangabad,,,Aurangabad (Central),107,,158,86,0,0,86,0,TNANA SAHUS EHTARHSAD,,413,376,789,0,789
Aurangabad,,,Aurangabad (Central),107,,159,345,0,0,345,0,TNANA SAHUS EHTARHSAD,,137,338,475,0,475
Aurangabad,,,Aurangabad (Central),107,,160,476,1,183,477,0,TNANA SAHUS EHTARHSAD,,55,238,293,0,293
Aurangabad,,,Aurangabad (Central),107,,161,65,4,0,69,4,TNANA SAHUS EHTARHSAD,,180,704,884,4,888
Aurangabad,,,Aurangabad (Central),107,,162,81,0,0,81,3,TNANA SAHUS EHTARHSAD,,195,590,785,3,788
Aurangabad,,,Aurangabad (Central),107,,163,207,2,0,209,0,TNANA SAHUS EHTARHSAD,,222,494,716,0,716
Aurangabad,,,Aurangabad (Central),107,,164,234,0,0,234,0,TNANA SAHUS EHTARHSAD,,120,368,488,0,488
Aurangabad,,,Aurangabad (Central),107,,165,67,1,0,68,0,TNANA SAHUS EHTARHSAD,,122,390,512,0,512
Aurangabad,,,Aurangabad (Central),107,,166,534,0,217,534,0,TNANA SAHUS EHTARHSAD,,28,289,317,0,317
Aurangabad,,,Aurangabad (Central),107,,167,353,0,0,353,0,TNANA SAHUS EHTARHSAD,,37,326,363,0,363
Aurangabad,,,Aurangabad (Central),107,,168,494,0,253,494,0,TNANA SAHUS EHTARHSAD,,2,239,241,0,241
Aurangabad,,,Aurangabad (Central),107,,169,659,2,396,661,1,TNANA SAHUS EHTARHSAD,,8,255,263,1,264
Aurangabad,,,Aurangabad (Central),107,,170,454,1,219,455,0,TNANA SAHUS EHTARHSAD,,4,231,235,0,235
Aurangabad,,,Aurangabad (Central),107,,171,452,1,209,453,0,TNANA SAHUS EHTARHSAD,,5,238,243,0,243
Aurangabad,,,Aurangabad (Central),107,,172,707,1,448,708,0,TNANA SAHUS EHTARHSAD,,10,249,259,0,259
Aurangabad,,,Aurangabad (Central),107,,173,673,2,426,675,0,TNANA SAHUS EHTARHSAD,,10,237,247,0,247
Aurangabad,,,Aurangabad (Central),107,,174,705,4,458,709,2,TNANA SAHUS EHTARHSAD,,14,233,247,2,249
Aurangabad,,,Aurangabad (Central),107,,175,551,3,294,554,0,TNANA SAHUS EHTARHSAD,,16,241,257,0,257
Aurangabad,,,Aurangabad (Central),107,,176,464,0,112,464,1,TNANA SAHUS EHTARHSAD,,43,309,352,1,353
Aurangabad,,,Aurangabad (Central),107,,177,268,0,0,268,0,TNANA SAHUS EHTARHSAD,,98,408,506,0,506
Aurangabad,,,Aurangabad (Central),107,,178,255,0,0,255,1,TNANA SAHUS EHTARHSAD,,118,373,491,1,492
Aurangabad,,,Aurangabad (Central),107,,179,322,1,0,323,0,TNANA SAHUS EHTARHSAD,,105,406,511,0,511
Aurangabad,,,Aurangabad (Central),107,,180,83,0,0,83,1,TNANA SAHUS EHTARHSAD,,157,467,624,1,625
Aurangabad,,,Aurangabad (Central),107,,181,144,0,0,144,1,TNANA SAHUS EHTARHSAD,,156,497,653,1,654
Aurangabad,,,Aurangabad (Central),107,,182,238,0,0,238,1,TNANA SAHUS EHTARHSAD,,109,408,517,1,518
Aurangabad,,,Aurangabad (Central),107,,183,318,0,0,318,0,TNANA SAHUS EHTARHSAD,,194,305,499,0,499
Aurangabad,,,Aurangabad (Central),107,,184,227,1,0,228,0,TNANA SAHUS EHTARHSAD,,121,259,380,0,380
Aurangabad,,,Aurangabad (Central),107,,185,586,0,192,586,0,TNANA SAHUS EHTARHSAD,,116,278,394,0,394
Aurangabad,,,Aurangabad (Central),107,,186,333,0,0,333,0,TNANA SAHUS EHTARHSAD,,224,321,545,0,545
Aurangabad,,,Aurangabad (Central),107,,187,263,1,0,264,1,TNANA SAHUS EHTARHSAD,,338,278,616,1,617
Aurangabad,,,Aurangabad (Central),107,,188,512,0,120,512,0,TNANA SAHUS EHTARHSAD,,139,253,392,0,392
Aurangabad,,,Aurangabad (Central),107,,189,406,0,69,406,0,TNANA SAHUS EHTARHSAD,,76,261,337,0,337
Aurangabad,,,Aurangabad (Central),107,,190,410,2,0,412,0,TNANA SAHUS EHTARHSAD,,139,279,418,0,418
Aurangabad,,,Aurangabad (Central),107,,191,276,2,0,278,0,TNANA SAHUS EHTARHSAD,,277,342,619,0,619
Aurangabad,,,Aurangabad (Central),107,,192,195,0,0,195,0,TNANA SAHUS EHTARHSAD,,123,299,422,0,422
Aurangabad,,,Aurangabad (Central),107,,193,364,2,0,366,0,TNANA SAHUS EHTARHSAD,,119,262,381,0,381
Aurangabad,,,Aurangabad (Central),107,,194,220,0,0,220,0,TNANA SAHUS EHTARHSAD,,63,230,293,0,293
Aurangabad,,,Aurangabad (Central),107,,195,531,1,151,532,0,TNANA SAHUS EHTARHSAD,,71,309,380,0,380
Aurangabad,,,Aurangabad (Central),107,,196,581,0,292,581,0,TNANA SAHUS EHTARHSAD,,13,276,289,0,289
Aurangabad,,,Aurangabad (Central),107,,197,575,0,325,575,0,TNANA SAHUS EHTARHSAD,,11,239,250,0,250
Aurangabad,,,Aurangabad (Central),107,,198,467,0,203,467,0,TNANA SAHUS EHTARHSAD,,27,237,264,0,264
Aurangabad,,,Aurangabad (Central),107,,199,348,0,0,348,0,TNANA SAHUS EHTARHSAD,,204,253,457,0,457
Aurangabad,,,Aurangabad (Central),107,,200,361,1,0,362,1,TNANA SAHUS EHTARHSAD,,99,290,389,1,390
Aurangabad,,,Aurangabad (Central),107,,201,439,1,171,440,0,TNANA SAHUS EHTARHSAD,,15,253,268,0,268
Aurangabad,,,Aurangabad (Central),107,,202,562,0,245,562,0,TNANA SAHUS EHTARHSAD,,14,303,317,0,317
Aurangabad,,,Aurangabad (Central),107,,203,365,0,107,365,0,TNANA SAHUS EHTARHSAD,,13,245,258,0,258
Aurangabad,,,Aurangabad (Central),107,,204,372,0,116,372,0,TNANA SAHUS EHTARHSAD,,19,237,256,0,256
Aurangabad,,,Aurangabad (Central),107,,205,572,2,309,574,0,TNANA SAHUS EHTARHSAD,,8,255,263,0,263
Aurangabad,,,Aurangabad (Central),107,,206,611,1,306,612,0,TNANA SAHUS EHTARHSAD,,31,274,305,0,305
Aurangabad,,,Aurangabad (Central),107,,207,531,1,244,532,0,TNANA SAHUS EHTARHSAD,,22,265,287,0,287
Aurangabad,,,Aurangabad (Central),107,,208,544,1,181,545,0,TNANA SAHUS EHTARHSAD,,87,276,363,0,363
Aurangabad,,,Aurangabad (Central),107,,209,418,1,127,419,0,TNANA SAHUS EHTARHSAD,,31,260,291,0,291
Aurangabad,,,Aurangabad (Central),107,,210,366,1,7,367,0,TNANA SAHUS EHTARHSAD,,91,268,359,0,359
Aurangabad,,,Aurangabad (Central),107,,211,252,0,0,252,2,TNANA SAHUS EHTARHSAD,,254,285,539,2,541
Aurangabad,,,Aurangabad (Central),107,,212,568,1,135,569,0,TNANA SAHUS EHTARHSAD,,111,322,433,0,433
Aurangabad,,,Aurangabad (Central),107,,213,600,0,205,600,0,TNANA SAHUS EHTARHSAD,,63,332,395,0,395
Aurangabad,,,Aurangabad (Central),107,,214,312,1,10,313,0,TNANA SAHUS EHTARHSAD,,38,264,302,0,302
Aurangabad,,,Aurangabad (Central),107,,215,289,1,0,290,3,TNANA SAHUS EHTARHSAD,,213,380,593,3,596
Aurangabad,,,Aurangabad (Central),107,,216,384,0,0,384,1,TNANA SAHUS EHTARHSAD,,127,316,443,1,444
Aurangabad,,,Aurangabad (Central),107,,217,492,1,35,493,0,TNANA SAHUS EHTARHSAD,,69,388,457,0,457
Aurangabad,,,Aurangabad (Central),107,,218,445,0,0,445,0,TNANA SAHUS EHTARHSAD,,106,401,507,0,507
Aurangabad,,,Aurangabad (Central),107,,219,388,1,0,389,0,TNANA SAHUS EHTARHSAD,,138,354,492,0,492
Aurangabad,,,Aurangabad (Central),107,,220,277,0,0,277,0,TNANA SAHUS EHTARHSAD,,103,421,524,0,524
Aurangabad,,,Aurangabad (Central),107,,221,78,0,0,78,0,TNANA SAHUS EHTARHSAD,,203,453,656,0,656
Aurangabad,,,Aurangabad (Central),107,,222,42,1,0,43,0,TNANA SAHUS EHTARHSAD,,180,567,747,0,747
Aurangabad,,,Aurangabad (Central),107,,223,34,0,0,34,0,TNANA SAHUS EHTARHSAD,,213,623,836,0,836
Aurangabad,,,Aurangabad (Central),107,,224,28,0,0,28,0,TNANA SAHUS EHTARHSAD,,227,678,905,0,905
Aurangabad,,,Aurangabad (Central),107,,225,24,0,0,24,0,TNANA SAHUS EHTARHSAD,,248,492,740,0,740
Aurangabad,,,Aurangabad (Central),107,,226,79,1,0,80,0,TNANA SAHUS EHTARHSAD,,248,505,753,0,753
Aurangabad,,,Aurangabad (Central),107,,227,269,2,0,271,2,TNANA SAHUS EHTARHSAD,,261,545,806,2,808
Aurangabad,,,Aurangabad (Central),107,,228,365,1,0,366,0,TNANA SAHUS EHTARHSAD,,233,475,708,0,708
Aurangabad,,,Aurangabad (Central),107,,229,56,0,0,56,0,TNANA SAHUS EHTARHSAD,,177,830,1007,0,1007
Aurangabad,,,Aurangabad (Central),107,,230,29,2,0,31,1,TNANA SAHUS EHTARHSAD,,203,782,985,1,986
Aurangabad,,,Aurangabad (Central),107,,231,14,1,0,15,0,TNANA SAHUS EHTARHSAD,,169,866,1035,0,1035
Aurangabad,,,Aurangabad (Central),107,,232,16,1,0,17,2,TNANA SAHUS EHTARHSAD,,196,817,1013,2,1015
Aurangabad,,,Aurangabad (Central),107,,233,12,1,0,13,1,TNANA SAHUS EHTARHSAD,,155,873,1028,1,1029
Aurangabad,,,Aurangabad (Central),107,,234,20,0,0,20,3,TNANA SAHUS EHTARHSAD,,181,824,1005,3,1008
Aurangabad,,,Aurangabad (Central),107,,235,28,1,0,29,2,TNANA SAHUS EHTARHSAD,,174,834,1008,2,1010
Aurangabad,,,Aurangabad (Central),107,,236,24,1,0,25,1,TNANA SAHUS EHTARHSAD,,195,855,1050,1,1051
Aurangabad,,,Aurangabad (Central),107,,237,79,0,0,79,2,TNANA SAHUS EHTARHSAD,,612,372,984,2,986
Aurangabad,,,Aurangabad (Central),107,,238,216,0,0,216,0,TNANA SAHUS EHTARHSAD,,457,355,812,0,812
Aurangabad,,,Aurangabad (Central),107,,239,193,1,0,194,0,TNANA SAHUS EHTARHSAD,,356,346,702,0,702
Aurangabad,,,Aurangabad (Central),107,,240,22,0,0,22,1,TNANA SAHUS EHTARHSAD,,518,452,970,1,971
Aurangabad,,,Aurangabad (Central),107,,241,17,0,0,17,0,TNANA SAHUS EHTARHSAD,,471,475,946,0,946
Aurangabad,,,Aurangabad (Central),107,,242,56,0,0,56,0,TNANA SAHUS EHTARHSAD,,358,474,832,0,832
Aurangabad,,,Aurangabad (Central),107,,243,102,0,0,102,0,TNANA SAHUS EHTARHSAD,,274,424,698,0,698
Aurangabad,,,Aurangabad (Central),107,,244,80,0,0,80,0,TNANA SAHUS EHTARHSAD,,475,468,943,0,943
Aurangabad,,,Aurangabad (Central),107,,245,125,0,0,125,0,TNANA SAHUS EHTARHSAD,,497,427,924,0,924
Aurangabad,,,Aurangabad (Central),107,,246,11,1,0,12,1,TNANA SAHUS EHTARHSAD,,556,425,981,1,982
Aurangabad,,,Aurangabad (Central),107,,247,185,0,0,185,1,TNANA SAHUS EHTARHSAD,,127,392,519,1,520
Aurangabad,,,Aurangabad (Central),107,,248,360,0,0,360,0,TNANA SAHUS EHTARHSAD,,86,435,521,0,521
Aurangabad,,,Aurangabad (Central),107,,249,463,0,0,463,0,TNANA SAHUS EHTARHSAD,,129,453,582,0,582
Aurangabad,,,Aurangabad (Central),107,,250,504,0,0,504,0,TNANA SAHUS EHTARHSAD,,90,416,506,0,506
Aurangabad,,,Aurangabad (Central),107,,251,431,0,0,431,0,TNANA SAHUS EHTARHSAD,,99,459,558,0,558
Aurangabad,,,Aurangabad (Central),107,,252,156,0,0,156,2,TNANA SAHUS EHTARHSAD,,579,422,1001,2,1003
Aurangabad,,,Aurangabad (Central),107,,253,139,1,0,140,1,TNANA SAHUS EHTARHSAD,,448,444,892,1,893
Aurangabad,,,Aurangabad (Central),107,,254,10,0,0,10,0,TNANA SAHUS EHTARHSAD,,411,476,887,0,887
Aurangabad,,,Aurangabad (Central),107,,255,46,0,0,46,0,TNANA SAHUS EHTARHSAD,,531,502,1033,0,1033
Aurangabad,,,Aurangabad (Central),107,,256,167,0,0,167,0,TNANA SAHUS EHTARHSAD,,207,448,655,0,655
Aurangabad,,,Aurangabad (Central),107,,257,154,1,0,155,1,TNANA SAHUS EHTARHSAD,,174,438,612,1,613
Aurangabad,,,Aurangabad (Central),107,,258,22,0,0,22,0,TNANA SAHUS EHTARHSAD,,480,348,828,0,828
Aurangabad,,,Aurangabad (Central),107,,259,7,0,0,7,0,TNANA SAHUS EHTARHSAD,,498,371,869,0,869
Aurangabad,,,Aurangabad (Central),107,,260,2,0,0,2,0,TNANA SAHUS EHTARHSAD,,533,465,998,0,998
Aurangabad,,,Aurangabad (Central),107,,261,2,0,0,2,0,TNANA SAHUS EHTARHSAD,,479,427,906,0,906
Aurangabad,,,Aurangabad (Central),107,,262,363,3,0,366,0,TNANA SAHUS EHTARHSAD,,84,370,454,0,454
Aurangabad,,,Aurangabad (Central),107,,263,576,0,122,576,0,TNANA SAHUS EHTARHSAD,,46,408,454,0,454
Aurangabad,,,Aurangabad (Central),107,,264,100,0,0,100,0,TNANA SAHUS EHTARHSAD,,322,492,814,0,814
Aurangabad,,,Aurangabad (Central),107,,265,81,0,0,81,0,TNANA SAHUS EHTARHSAD,,345,645,990,0,990
Aurangabad,,,Aurangabad (Central),107,,266,471,0,0,471,0,TNANA SAHUS EHTARHSAD,,172,393,565,0,565
Aurangabad,,,Aurangabad (Central),107,,267,296,0,0,296,0,TNANA SAHUS EHTARHSAD,,77,334,411,0,411
Aurangabad,,,Aurangabad (Central),107,,268,328,1,0,329,0,TNANA SAHUS EHTARHSAD,,105,372,477,0,477
Aurangabad,,,Aurangabad (Central),107,,269,117,0,0,117,0,TNANA SAHUS EHTARHSAD,,100,498,598,0,598
Aurangabad,,,Aurangabad (Central),107,,270,64,0,0,64,0,TNANA SAHUS EHTARHSAD,,487,420,907,0,907
Aurangabad,,,Aurangabad (Central),107,,271,59,0,0,59,0,TNANA SAHUS EHTARHSAD,,444,491,935,0,935
Aurangabad,,,Aurangabad (Central),107,,272,108,1,0,109,0,TNANA SAHUS EHTARHSAD,,470,445,915,0,915
Aurangabad,,,Aurangabad (Central),107,,273,45,0,0,45,0,TNANA SAHUS EHTARHSAD,,495,433,928,0,928
Aurangabad,,,Aurangabad (Central),107,,274,530,1,0,531,0,TNANA SAHUS EHTARHSAD,,85,517,602,0,602
Aurangabad,,,Aurangabad (Central),107,,275,197,1,0,198,0,TNANA SAHUS EHTARHSAD,,172,480,652,0,652
Aurangabad,,,Aurangabad (Central),107,,276,215,0,0,215,0,TNANA SAHUS EHTARHSAD,,105,361,466,0,466
Aurangabad,,,Aurangabad (Central),107,,277,12,0,0,12,0,TNANA SAHUS EHTARHSAD,,345,347,692,0,692
Aurangabad,,,Aurangabad (Central),107,,278,12,0,0,12,0,TNANA SAHUS EHTARHSAD,,586,428,1014,0,1014
Aurangabad,,,Aurangabad (Central),107,,279,354,2,0,356,0,TNANA SAHUS EHTARHSAD,,400,410,810,0,810
Aurangabad,,,Aurangabad (Central),107,,280,5,0,0,5,0,TNANA SAHUS EHTARHSAD,,539,326,865,0,865
Aurangabad,,,Aurangabad (Central),107,,281,242,0,0,242,0,TNANA SAHUS EHTARHSAD,,508,370,878,0,878
Aurangabad,,,Aurangabad (Central),107,,282,468,0,0,468,0,TNANA SAHUS EHTARHSAD,,199,410,609,0,609
Aurangabad,,,Aurangabad (Central),107,,283,45,0,0,45,0,TNANA SAHUS EHTARHSAD,,649,420,1069,0,1069
Aurangabad,,,Aurangabad (Central),107,,284,15,0,0,15,0,TNANA SAHUS EHTARHSAD,,619,415,1034,0,1034
Aurangabad,,,Aurangabad (Central),107,,285,12,0,0,12,0,TNANA SAHUS EHTARHSAD,,634,355,989,0,989
Aurangabad,,,Aurangabad (Central),107,,286,9,0,0,9,0,TNANA SAHUS EHTARHSAD,,667,406,1073,0,1073
Aurangabad,,,Aurangabad (Central),107,,287,3,0,0,3,0,TNANA SAHUS EHTARHSAD,,704,353,1057,0,1057
Aurangabad,,,Aurangabad (Central),107,,288,18,1,0,19,0,TNANA SAHUS EHTARHSAD,,682,409,1091,0,1091
Aurangabad,,,Aurangabad (Central),107,,289,211,0,0,211,0,TNANA SAHUS EHTARHSAD,,486,459,945,0,945
Aurangabad,,,Aurangabad (Central),107,,290,202,0,0,202,0,TNANA SAHUS EHTARHSAD,,368,401,769,0,769
Aurangabad,,,Aurangabad (Central),107,,291,593,1,94,594,0,TNANA SAHUS EHTARHSAD,,135,364,499,0,499
Aurangabad,,,Aurangabad (Central),107,,292,453,1,15,454,2,TNANA SAHUS EHTARHSAD,,62,376,438,2,440
Aurangabad,,,Aurangabad (Central),107,,293,4,0,0,4,0,TNANA SAHUS EHTARHSAD,,312,455,767,0,767
Aurangabad,,,Aurangabad (Central),107,,294,9,0,0,9,1,TNANA SAHUS EHTARHSAD,,571,438,1009,1,1010
Aurangabad,,,Aurangabad (Central),107,,295,30,0,0,30,0,TNANA SAHUS EHTARHSAD,,593,412,1005,0,1005
Aurangabad,,,Aurangabad (Central),107,,296,7,0,0,7,0,TNANA SAHUS EHTARHSAD,,501,376,877,0,877
Aurangabad,,,Aurangabad (Central),107,,297,0,0,0,0,0,TNANA SAHUS EHTARHSAD,,621,392,1013,0,1013
Aurangabad,,,Aurangabad (Central),107,,298,35,1,0,36,1,TNANA SAHUS EHTARHSAD,,443,660,1103,1,1104
Aurangabad,,,Aurangabad (Central),107,,299,22,0,0,22,1,TNANA SAHUS EHTARHSAD,,428,523,951,1,952
Aurangabad,,,Aurangabad (Central),107,,300,248,0,0,248,0,TNANA SAHUS EHTARHSAD,,294,451,745,0,745
Aurangabad,,,Aurangabad (Central),107,,301,380,0,0,380,0,TNANA SAHUS EHTARHSAD,,196,472,668,0,668
Aurangabad,,,Aurangabad (Central),107,,302,233,1,0,234,1,TNANA SAHUS EHTARHSAD,,273,533,806,1,807
Aurangabad,,,Aurangabad (Central),107,,303,378,0,0,378,0,TNANA SAHUS EHTARHSAD,,335,379,714,0,714
Aurangabad,,,Aurangabad (Central),107,,304,347,2,0,349,0,TNANA SAHUS EHTARHSAD,,375,432,807,0,807
Aurangabad,,,Aurangabad (Central),107,,305,103,0,0,103,0,TNANA SAHUS EHTARHSAD,,496,435,931,0,931
Aurangabad,,,Aurangabad (Central),107,,306,540,0,116,540,0,TNANA SAHUS EHTARHSAD,,34,390,424,0,424
Aurangabad,,,Aurangabad (Central),107,,307,648,2,150,650,1,TNANA SAHUS EHTARHSAD,,89,409,498,1,499
Aurangabad,,,Aurangabad (Central),107,,308,496,0,0,496,0,TNANA SAHUS EHTARHSAD,,132,405,537,0,537
Aurangabad,,,Aurangabad (Central),107,,309,111,0,0,111,0,TNANA SAHUS EHTARHSAD,,287,366,653,0,653
Aurangabad,,,Aurangabad (Central),107,,310,537,2,0,539,0,TNANA SAHUS EHTARHSAD,,248,430,678,0,678
Aurangabad,,,Aurangabad (Central),107,,311,14,0,0,14,0,TNANA SAHUS EHTARHSAD,,405,693,1098,0,1098
Aurangabad,,,Aurangabad (Central),107,,312,366,0,0,366,1,TNANA SAHUS EHTARHSAD,,234,482,716,1,717
Aurangabad,,,Aurangabad (Central),107,,313,361,1,0,362,0,TNANA SAHUS EHTARHSAD,,225,467,692,0,692
Aurangabad,,,Aurangabad (Central),107,,314,360,1,0,361,0,TNANA SAHUS EHTARHSAD,,223,568,791,0,791
Aurangabad,,,Aurangabad (Central),107,,315,369,0,0,369,0,TNANA SAHUS EHTARHSAD,,239,612,851,0,851
Aurangabad,,,Aurangabad (Central),107,,316,437,0,0,437,0,TNANA SAHUS EHTARHSAD,,185,534,719,0,719
Aurangabad,,,Aurangabad (Central),107,,317,159,0,0,159,0,TNANA SAHUS EHTARHSAD,,462,428,890,0,890
Aurangabad,,,Aurangabad (Central),107,,318,389,0,0,389,1,TNANA SAHUS EHTARHSAD,,55,682,737,1,738
Aurangabad,,,Aurangabad (Central),107,,319,231,0,0,231,1,TNANA SAHUS EHTARHSAD,,5,677,682,1,683
Aurangabad,,,Aurangabad (Central),107,,320,342,1,0,343,0,TNANA SAHUS EHTARHSAD,,151,611,762,0,762
TOTAL,,,,,,,76901,165,19082,77066,160,,,84202,105212,189414,160,189574
