District Name,District No,Jilha,Constituency Name,Constituency No,Total No. of Electors,Serial Poll,Total No. Valid Votes,No. of Rejected Votes,NOTA,Total,No. of Tendered Votes,Elected Person Name,Party Name of Elected Person,No. of Valid Votes Cast in Favour of Elected Person,Other Candidate Votes,Total EVM Votes,Total Postal ballot votes,Total Votes Polled
Jalna,,,Badnapur (SC),102,,1,2,4,0,6,1,YRAHDUOHC LALURHEN ULBAB,,334,448,782,1,783
Jalna,,,Badnapur (SC),102,,2,1,0,0,1,4,YRAHDUOHC LALURHEN ULBAB,,302,316,618,4,622
Jalna,,,Badnapur (SC),102,,3,0,1,0,1,4,YRAHDUOHC LALURHEN ULBAB,,446,226,672,4,676
Jalna,,,Badnapur (SC),102,,4,2,1,0,3,6,YRAHDUOHC LALURHEN ULBAB,,606,287,893,6,899
Jalna,,,Badnapur (SC),102,,5,0,0,0,0,7,YRAHDUOHC LALURHEN ULBAB,,511,388,899,7,906
Jalna,,,Badnapur (SC),102,,6,0,1,0,1,2,YRAHDUOHC LALURHEN ULBAB,,311,282,593,2,595
Jalna,,,Badnapur (SC),102,,7,1,1,0,2,0,YRAHDUOHC LALURHEN ULBAB,,644,156,800,0,800
Jalna,,,Badnapur (SC),102,,8,2,1,0,3,2,YRAHDUOHC LALURHEN ULBAB,,583,132,715,2,717
Jalna,,,Badnapur (SC),102,,9,1,2,0,3,0,YRAHDUOHC LALURHEN ULBAB,,573,232,805,0,805
Jalna,,,Badnapur (SC),102,,10,0,2,0,2,2,YRAHDUOHC LALURHEN ULBAB,,426,330,756,2,758
Jalna,,,Badnapur (SC),102,,11,1,0,0,1,3,YRAHDUOHC LALURHEN ULBAB,,334,291,625,3,628
Jalna,,,Badnapur (SC),102,,12,0,0,0,0,4,YRAHDUOHC LALURHEN ULBAB,,408,214,622,4,626
Jalna,,,Badnapur (SC),102,,13,0,1,0,1,0,YRAHDUOHC LALURHEN ULBAB,,718,290,1008,0,1008
Jalna,,,Badnapur (SC),102,,14,1,1,0,2,9,YRAHDUOHC LALURHEN ULBAB,,537,503,1040,9,1049
Jalna,,,Badnapur (SC),102,,15,1,1,0,2,10,YRAHDUOHC LALURHEN ULBAB,,558,483,1041,10,1051
Jalna,,,Badnapur (SC),102,,16,1,0,0,1,2,YRAHDUOHC LALURHEN ULBAB,,377,338,715,2,717
Jalna,,,Badnapur (SC),102,,17,0,0,0,0,3,YRAHDUOHC LALURHEN ULBAB,,366,473,839,3,842
Jalna,,,Badnapur (SC),102,,18,1,1,0,2,0,YRAHDUOHC LALURHEN ULBAB,,508,400,908,0,908
Jalna,,,Badnapur (SC),102,,19,0,0,0,0,1,YRAHDUOHC LALURHEN ULBAB,,533,383,916,1,917
Jalna,,,Badnapur (SC),102,,20,1,0,0,1,2,YRAHDUOHC LALURHEN ULBAB,,489,417,906,2,908
Jalna,,,Badnapur (SC),102,,21,2,0,0,2,2,YRAHDUOHC LALURHEN ULBAB,,415,228,643,2,645
Jalna,,,Badnapur (SC),102,,22,1,1,0,2,5,YRAHDUOHC LALURHEN ULBAB,,371,184,555,5,560
Jalna,,,Badnapur (SC),102,,23,1,2,0,3,4,YRAHDUOHC LALURHEN ULBAB,,522,398,920,4,924
Jalna,,,Badnapur (SC),102,,24,0,1,0,1,3,YRAHDUOHC LALURHEN ULBAB,,391,224,615,3,618
Jalna,,,Badnapur (SC),102,,25,0,0,0,0,3,YRAHDUOHC LALURHEN ULBAB,,239,316,555,3,558
Jalna,,,Badnapur (SC),102,,26,0,1,0,1,2,YRAHDUOHC LALURHEN ULBAB,,333,347,680,2,682
Jalna,,,Badnapur (SC),102,,27,1,1,0,2,4,YRAHDUOHC LALURHEN ULBAB,,336,274,610,4,614
Jalna,,,Badnapur (SC),102,,28,1,0,0,1,0,YRAHDUOHC LALURHEN ULBAB,,292,136,428,0,428
Jalna,,,Badnapur (SC),102,,29,1,0,0,1,2,YRAHDUOHC LALURHEN ULBAB,,144,210,354,2,356
Jalna,,,Badnapur (SC),102,,30,0,0,0,0,6,YRAHDUOHC LALURHEN ULBAB,,251,487,738,6,744
Jalna,,,Badnapur (SC),102,,31,0,1,0,1,3,YRAHDUOHC LALURHEN ULBAB,,152,496,648,3,651
Jalna,,,Badnapur (SC),102,,32,0,0,0,0,4,YRAHDUOHC LALURHEN ULBAB,,308,459,767,4,771
Jalna,,,Badnapur (SC),102,,33,1,0,0,1,6,YRAHDUOHC LALURHEN ULBAB,,300,339,639,6,645
Jalna,,,Badnapur (SC),102,,34,0,0,0,0,4,YRAHDUOHC LALURHEN ULBAB,,401,274,675,4,679
Jalna,,,Badnapur (SC),102,,35,0,1,0,1,6,YRAHDUOHC LALURHEN ULBAB,,148,260,408,6,414
Jalna,,,Badnapur (SC),102,,36,0,1,0,1,3,YRAHDUOHC LALURHEN ULBAB,,645,268,913,3,916
Jalna,,,Badnapur (SC),102,,37,0,1,0,1,4,YRAHDUOHC LALURHEN ULBAB,,442,404,846,4,850
Jalna,,,Badnapur (SC),102,,38,0,1,0,1,7,YRAHDUOHC LALURHEN ULBAB,,575,407,982,7,989
Jalna,,,Badnapur (SC),102,,39,0,0,0,0,3,YRAHDUOHC LALURHEN ULBAB,,188,107,295,3,298
Jalna,,,Badnapur (SC),102,,40,1,1,0,2,4,YRAHDUOHC LALURHEN ULBAB,,312,240,552,4,556
Jalna,,,Badnapur (SC),102,,41,2,0,0,2,2,YRAHDUOHC LALURHEN ULBAB,,212,310,522,2,524
Jalna,,,Badnapur (SC),102,,42,0,0,0,0,3,YRAHDUOHC LALURHEN ULBAB,,210,365,575,3,578
Jalna,,,Badnapur (SC),102,,43,0,3,0,3,4,YRAHDUOHC LALURHEN ULBAB,,399,457,856,4,860
Jalna,,,Badnapur (SC),102,,44,1,1,0,2,2,YRAHDUOHC LALURHEN ULBAB,,269,284,553,2,555
Jalna,,,Badnapur (SC),102,,45,0,0,0,0,1,YRAHDUOHC LALURHEN ULBAB,,322,247,569,1,570
Jalna,,,Badnapur (SC),102,,46,0,0,0,0,0,YRAHDUOHC LALURHEN ULBAB,,435,173,608,0,608
Jalna,,,Badnapur (SC),102,,47,1,1,0,2,1,YRAHDUOHC LALURHEN ULBAB,,353,236,589,1,590
Jalna,,,Badnapur (SC),102,,48,0,0,0,0,2,YRAHDUOHC LALURHEN ULBAB,,357,289,646,2,648
Jalna,,,Badnapur (SC),102,,49,0,0,0,0,1,YRAHDUOHC LALURHEN ULBAB,,343,218,561,1,562
Jalna,,,Badnapur (SC),102,,50,0,0,0,0,11,YRAHDUOHC LALURHEN ULBAB,,407,417,824,11,835
Jalna,,,Badnapur (SC),102,,52,0,1,0,1,2,YRAHDUOHC LALURHEN ULBAB,,292,204,496,2,498
Jalna,,,Badnapur (SC),102,,53,0,0,0,0,1,YRAHDUOHC LALURHEN ULBAB,,400,105,505,1,506
Jalna,,,Badnapur (SC),102,,54,0,0,0,0,3,YRAHDUOHC LALURHEN ULBAB,,200,218,418,3,421
Jalna,,,Badnapur (SC),102,,55,0,0,0,0,4,YRAHDUOHC LALURHEN ULBAB,,405,330,735,4,739
Jalna,,,Badnapur (SC),102,,56,0,1,0,1,6,YRAHDUOHC LALURHEN ULBAB,,329,313,642,6,648
Jalna,,,Badnapur (SC),102,,57,0,0,0,0,3,YRAHDUOHC LALURHEN ULBAB,,419,439,858,3,861
Jalna,,,Badnapur (SC),102,,58,0,0,0,0,1,YRAHDUOHC LALURHEN ULBAB,,481,194,675,1,676
Jalna,,,Badnapur (SC),102,,59,0,0,0,0,5,YRAHDUOHC LALURHEN ULBAB,,350,411,761,5,766
Jalna,,,Badnapur (SC),102,,60,0,0,0,0,3,YRAHDUOHC LALURHEN ULBAB,,255,262,517,3,520
Jalna,,,Badnapur (SC),102,,61,1,0,0,1,6,YRAHDUOHC LALURHEN ULBAB,,423,597,1020,6,1026
Jalna,,,Badnapur (SC),102,,62,1,0,0,1,5,YRAHDUOHC LALURHEN ULBAB,,180,618,798,5,803
Jalna,,,Badnapur (SC),102,,63,1,0,0,1,5,YRAHDUOHC LALURHEN ULBAB,,586,338,924,5,929
Jalna,,,Badnapur (SC),102,,64,1,0,0,1,2,YRAHDUOHC LALURHEN ULBAB,,342,568,910,2,912
Jalna,,,Badnapur (SC),102,,65,3,1,0,4,10,YRAHDUOHC LALURHEN ULBAB,,539,379,918,10,928
Jalna,,,Badnapur (SC),102,,66,0,1,0,1,3,YRAHDUOHC LALURHEN ULBAB,,433,395,828,3,831
Jalna,,,Badnapur (SC),102,,67,0,0,0,0,3,YRAHDUOHC LALURHEN ULBAB,,372,269,641,3,644
Jalna,,,Badnapur (SC),102,,68,1,2,0,3,5,YRAHDUOHC LALURHEN ULBAB,,325,252,577,5,582
Jalna,,,Badnapur (SC),102,,69,0,3,0,3,2,YRAHDUOHC LALURHEN ULBAB,,608,342,950,2,952
Jalna,,,Badnapur (SC),102,,70,0,0,0,0,2,YRAHDUOHC LALURHEN ULBAB,,394,272,666,2,668
Jalna,,,Badnapur (SC),102,,71,0,1,0,1,3,YRAHDUOHC LALURHEN ULBAB,,368,260,628,3,631
Jalna,,,Badnapur (SC),102,,72,0,0,0,0,0,YRAHDUOHC LALURHEN ULBAB,,446,447,893,0,893
Jalna,,,Badnapur (SC),102,,73,0,1,0,1,0,YRAHDUOHC LALURHEN ULBAB,,261,331,592,0,592
Jalna,,,Badnapur (SC),102,,74,3,5,0,8,5,YRAHDUOHC LALURHEN ULBAB,,463,433,896,5,901
Jalna,,,Badnapur (SC),102,,75,0,0,0,0,12,YRAHDUOHC LALURHEN ULBAB,,552,411,963,12,975
Jalna,,,Badnapur (SC),102,,76,1,1,0,2,4,YRAHDUOHC LALURHEN ULBAB,,350,502,852,4,856
Jalna,,,Badnapur (SC),102,,77,0,1,0,1,9,YRAHDUOHC LALURHEN ULBAB,,179,455,634,9,643
Jalna,,,Badnapur (SC),102,,78,0,1,0,1,5,YRAHDUOHC LALURHEN ULBAB,,247,393,640,5,645
Jalna,,,Badnapur (SC),102,,79,0,1,0,1,11,YRAHDUOHC LALURHEN ULBAB,,82,602,684,11,695
Jalna,,,Badnapur (SC),102,,80,1,0,0,1,2,YRAHDUOHC LALURHEN ULBAB,,373,293,666,2,668
Jalna,,,Badnapur (SC),102,,81,0,0,0,0,1,YRAHDUOHC LALURHEN ULBAB,,389,270,659,1,660
Jalna,,,Badnapur (SC),102,,82,2,4,0,6,5,YRAHDUOHC LALURHEN ULBAB,,301,483,784,5,789
Jalna,,,Badnapur (SC),102,,83,0,2,0,2,2,YRAHDUOHC LALURHEN ULBAB,,283,441,724,2,726
Jalna,,,Badnapur (SC),102,,84,0,3,0,3,10,YRAHDUOHC LALURHEN ULBAB,,527,457,984,10,994
Jalna,,,Badnapur (SC),102,,85,0,0,0,0,2,YRAHDUOHC LALURHEN ULBAB,,431,371,802,2,804
Jalna,,,Badnapur (SC),102,,86,0,0,0,0,0,YRAHDUOHC LALURHEN ULBAB,,162,387,549,0,549
Jalna,,,Badnapur (SC),102,,87,0,0,0,0,4,YRAHDUOHC LALURHEN ULBAB,,282,482,764,4,768
Jalna,,,Badnapur (SC),102,,88,0,0,0,0,1,YRAHDUOHC LALURHEN ULBAB,,265,304,569,1,570
Jalna,,,Badnapur (SC),102,,89,0,0,0,0,1,YRAHDUOHC LALURHEN ULBAB,,546,159,705,1,706
Jalna,,,Badnapur (SC),102,,90,2,1,0,3,0,YRAHDUOHC LALURHEN ULBAB,,285,372,657,0,657
Jalna,,,Badnapur (SC),102,,91,0,0,0,0,2,YRAHDUOHC LALURHEN ULBAB,,346,278,624,2,626
Jalna,,,Badnapur (SC),102,,92,0,2,0,2,5,YRAHDUOHC LALURHEN ULBAB,,473,484,957,5,962
Jalna,,,Badnapur (SC),102,,93,2,1,0,3,6,YRAHDUOHC LALURHEN ULBAB,,244,399,643,6,649
Jalna,,,Badnapur (SC),102,,94,0,0,0,0,0,YRAHDUOHC LALURHEN ULBAB,,290,230,520,0,520
Jalna,,,Badnapur (SC),102,,95,0,2,0,2,3,YRAHDUOHC LALURHEN ULBAB,,746,379,1125,3,1128
Jalna,,,Badnapur (SC),102,,96,0,0,0,0,6,YRAHDUOHC LALURHEN ULBAB,,647,312,959,6,965
Jalna,,,Badnapur (SC),102,,97,1,0,0,1,5,YRAHDUOHC LALURHEN ULBAB,,225,305,530,5,535
Jalna,,,Badnapur (SC),102,,98,1,0,0,1,1,YRAHDUOHC LALURHEN ULBAB,,376,558,934,1,935
Jalna,,,Badnapur (SC),102,,99,1,1,0,2,5,YRAHDUOHC LALURHEN ULBAB,,262,568,830,5,835
Jalna,,,Badnapur (SC),102,,100,0,0,0,0,0,YRAHDUOHC LALURHEN ULBAB,,159,442,601,0,601
Jalna,,,Badnapur (SC),102,,101,0,1,0,1,2,YRAHDUOHC LALURHEN ULBAB,,365,368,733,2,735
Jalna,,,Badnapur (SC),102,,103,0,0,0,0,1,YRAHDUOHC LALURHEN ULBAB,,477,332,809,1,810
Jalna,,,Badnapur (SC),102,,104,1,1,0,2,0,YRAHDUOHC LALURHEN ULBAB,,376,384,760,0,760
Jalna,,,Badnapur (SC),102,,105,0,0,0,0,0,YRAHDUOHC LALURHEN ULBAB,,225,123,348,0,348
Jalna,,,Badnapur (SC),102,,106,1,0,0,1,0,YRAHDUOHC LALURHEN ULBAB,,256,368,624,0,624
Jalna,,,Badnapur (SC),102,,107,1,2,0,3,3,YRAHDUOHC LALURHEN ULBAB,,397,491,888,3,891
Jalna,,,Badnapur (SC),102,,108,0,1,0,1,2,YRAHDUOHC LALURHEN ULBAB,,579,411,990,2,992
Jalna,,,Badnapur (SC),102,,109,0,0,0,0,1,YRAHDUOHC LALURHEN ULBAB,,485,460,945,1,946
Jalna,,,Badnapur (SC),102,,110,0,2,0,2,4,YRAHDUOHC LALURHEN ULBAB,,455,474,929,4,933
Jalna,,,Badnapur (SC),102,,111,0,3,0,3,5,YRAHDUOHC LALURHEN ULBAB,,516,459,975,5,980
Jalna,,,Badnapur (SC),102,,112,0,1,0,1,0,YRAHDUOHC LALURHEN ULBAB,,645,375,1020,0,1020
Jalna,,,Badnapur (SC),102,,113,0,0,0,0,4,YRAHDUOHC LALURHEN ULBAB,,573,323,896,4,900
Jalna,,,Badnapur (SC),102,,114,0,0,0,0,3,YRAHDUOHC LALURHEN ULBAB,,279,523,802,3,805
Jalna,,,Badnapur (SC),102,,115,0,0,0,0,0,YRAHDUOHC LALURHEN ULBAB,,148,493,641,0,641
Jalna,,,Badnapur (SC),102,,116,1,0,0,1,0,YRAHDUOHC LALURHEN ULBAB,,462,426,888,0,888
Jalna,,,Badnapur (SC),102,,117,0,0,0,0,2,YRAHDUOHC LALURHEN ULBAB,,244,270,514,2,516
Jalna,,,Badnapur (SC),102,,118,0,0,0,0,3,YRAHDUOHC LALURHEN ULBAB,,298,567,865,3,868
Jalna,,,Badnapur (SC),102,,119,0,0,0,0,7,YRAHDUOHC LALURHEN ULBAB,,183,231,414,7,421
Jalna,,,Badnapur (SC),102,,120,0,1,0,1,0,YRAHDUOHC LALURHEN ULBAB,,278,305,583,0,583
Jalna,,,Badnapur (SC),102,,121,0,0,0,0,2,YRAHDUOHC LALURHEN ULBAB,,679,563,1242,2,1244
Jalna,,,Badnapur (SC),102,,122,0,2,0,2,3,YRAHDUOHC LALURHEN ULBAB,,439,412,851,3,854
Jalna,,,Badnapur (SC),102,,123,1,3,0,4,4,YRAHDUOHC LALURHEN ULBAB,,434,488,922,4,926
Jalna,,,Badnapur (SC),102,,124,0,1,0,1,24,YRAHDUOHC LALURHEN ULBAB,,383,639,1022,24,1046
Jalna,,,Badnapur (SC),102,,125,1,1,0,2,3,YRAHDUOHC LALURHEN ULBAB,,237,543,780,3,783
Jalna,,,Badnapur (SC),102,,126,2,0,0,2,1,YRAHDUOHC LALURHEN ULBAB,,264,511,775,1,776
Jalna,,,Badnapur (SC),102,,127,0,0,0,0,3,YRAHDUOHC LALURHEN ULBAB,,551,571,1122,3,1125
Jalna,,,Badnapur (SC),102,,128,0,1,0,1,3,YRAHDUOHC LALURHEN ULBAB,,277,290,567,3,570
Jalna,,,Badnapur (SC),102,,129,0,1,0,1,3,YRAHDUOHC LALURHEN ULBAB,,667,468,1135,3,1138
Jalna,,,Badnapur (SC),102,,130,0,2,0,2,9,YRAHDUOHC LALURHEN ULBAB,,522,432,954,9,963
Jalna,,,Badnapur (SC),102,,131,0,0,0,0,4,YRAHDUOHC LALURHEN ULBAB,,220,379,599,4,603
Jalna,,,Badnapur (SC),102,,132,0,0,0,0,1,YRAHDUOHC LALURHEN ULBAB,,287,470,757,1,758
Jalna,,,Badnapur (SC),102,,133,1,1,0,2,2,YRAHDUOHC LALURHEN ULBAB,,178,403,581,2,583
Jalna,,,Badnapur (SC),102,,134,0,0,0,0,1,YRAHDUOHC LALURHEN ULBAB,,152,303,455,1,456
Jalna,,,Badnapur (SC),102,,135,0,1,0,1,1,YRAHDUOHC LALURHEN ULBAB,,528,470,998,1,999
Jalna,,,Badnapur (SC),102,,136,1,2,0,3,3,YRAHDUOHC LALURHEN ULBAB,,415,392,807,3,810
Jalna,,,Badnapur (SC),102,,137,0,0,0,0,2,YRAHDUOHC LALURHEN ULBAB,,537,269,806,2,808
Jalna,,,Badnapur (SC),102,,138,1,0,0,1,3,YRAHDUOHC LALURHEN ULBAB,,248,241,489,3,492
Jalna,,,Badnapur (SC),102,,139,1,0,0,1,0,YRAHDUOHC LALURHEN ULBAB,,212,256,468,0,468
Jalna,,,Badnapur (SC),102,,140,0,0,0,0,0,YRAHDUOHC LALURHEN ULBAB,,0,140,140,0,140
Jalna,,,Badnapur (SC),102,,141,0,0,0,0,2,YRAHDUOHC LALURHEN ULBAB,,739,369,1108,2,1110
Jalna,,,Badnapur (SC),102,,142,1,0,0,1,1,YRAHDUOHC LALURHEN ULBAB,,223,373,596,1,597
Jalna,,,Badnapur (SC),102,,143,0,0,0,0,2,YRAHDUOHC LALURHEN ULBAB,,646,456,1102,2,1104
Jalna,,,Badnapur (SC),102,,144,0,0,0,0,2,YRAHDUOHC LALURHEN ULBAB,,402,538,940,2,942
Jalna,,,Badnapur (SC),102,,145,1,0,0,1,2,YRAHDUOHC LALURHEN ULBAB,,190,545,735,2,737
Jalna,,,Badnapur (SC),102,,146,1,2,0,3,1,YRAHDUOHC LALURHEN ULBAB,,275,556,831,1,832
Jalna,,,Badnapur (SC),102,,147,0,0,0,0,0,YRAHDUOHC LALURHEN ULBAB,,759,191,950,0,950
Jalna,,,Badnapur (SC),102,,148,0,0,0,0,0,YRAHDUOHC LALURHEN ULBAB,,603,203,806,0,806
Jalna,,,Badnapur (SC),102,,149,0,1,0,1,6,YRAHDUOHC LALURHEN ULBAB,,639,282,921,6,927
Jalna,,,Badnapur (SC),102,,150,0,3,0,3,0,YRAHDUOHC LALURHEN ULBAB,,286,581,867,0,867
Jalna,,,Badnapur (SC),102,,151,3,0,0,3,1,YRAHDUOHC LALURHEN ULBAB,,444,628,1072,1,1073
Jalna,,,Badnapur (SC),102,,152,1,0,0,1,5,YRAHDUOHC LALURHEN ULBAB,,192,503,695,5,700
Jalna,,,Badnapur (SC),102,,154,0,0,0,0,4,YRAHDUOHC LALURHEN ULBAB,,447,516,963,4,967
Jalna,,,Badnapur (SC),102,,155,1,0,0,1,1,YRAHDUOHC LALURHEN ULBAB,,317,246,563,1,564
Jalna,,,Badnapur (SC),102,,156,1,0,0,1,1,YRAHDUOHC LALURHEN ULBAB,,166,334,500,1,501
Jalna,,,Badnapur (SC),102,,157,0,0,0,0,4,YRAHDUOHC LALURHEN ULBAB,,87,739,826,4,830
Jalna,,,Badnapur (SC),102,,158,0,0,0,0,1,YRAHDUOHC LALURHEN ULBAB,,118,412,530,1,531
Jalna,,,Badnapur (SC),102,,159,2,0,0,2,0,YRAHDUOHC LALURHEN ULBAB,,169,472,641,0,641
Jalna,,,Badnapur (SC),102,,160,0,0,0,0,3,YRAHDUOHC LALURHEN ULBAB,,114,528,642,3,645
Jalna,,,Badnapur (SC),102,,161,3,0,0,3,0,YRAHDUOHC LALURHEN ULBAB,,690,387,1077,0,1077
Jalna,,,Badnapur (SC),102,,162,0,0,0,0,0,YRAHDUOHC LALURHEN ULBAB,,443,423,866,0,866
Jalna,,,Badnapur (SC),102,,163,0,0,0,0,2,YRAHDUOHC LALURHEN ULBAB,,358,370,728,2,730
Jalna,,,Badnapur (SC),102,,164,0,0,0,0,3,YRAHDUOHC LALURHEN ULBAB,,265,447,712,3,715
Jalna,,,Badnapur (SC),102,,165,0,1,0,1,1,YRAHDUOHC LALURHEN ULBAB,,293,431,724,1,725
Jalna,,,Badnapur (SC),102,,166,3,0,0,3,2,YRAHDUOHC LALURHEN ULBAB,,215,444,659,2,661
Jalna,,,Badnapur (SC),102,,167,2,0,0,2,3,YRAHDUOHC LALURHEN ULBAB,,120,566,686,3,689
Jalna,,,Badnapur (SC),102,,168,0,0,0,0,7,YRAHDUOHC LALURHEN ULBAB,,194,809,1003,7,1010
Jalna,,,Badnapur (SC),102,,169,0,0,0,0,0,YRAHDUOHC LALURHEN ULBAB,,255,238,493,0,493
Jalna,,,Badnapur (SC),102,,170,0,0,0,0,27,YRAHDUOHC LALURHEN ULBAB,,277,224,501,27,528
Jalna,,,Badnapur (SC),102,,171,0,0,0,0,1,YRAHDUOHC LALURHEN ULBAB,,295,391,686,1,687
Jalna,,,Badnapur (SC),102,,172,0,0,0,0,5,YRAHDUOHC LALURHEN ULBAB,,602,406,1008,5,1013
Jalna,,,Badnapur (SC),102,,173,0,1,0,1,8,YRAHDUOHC LALURHEN ULBAB,,568,356,924,8,932
Jalna,,,Badnapur (SC),102,,174,0,1,0,1,4,YRAHDUOHC LALURHEN ULBAB,,510,523,1033,4,1037
Jalna,,,Badnapur (SC),102,,175,1,0,0,1,4,YRAHDUOHC LALURHEN ULBAB,,308,477,785,4,789
Jalna,,,Badnapur (SC),102,,176,1,2,0,3,4,YRAHDUOHC LALURHEN ULBAB,,635,537,1172,4,1176
Jalna,,,Badnapur (SC),102,,177,1,1,0,2,10,YRAHDUOHC LALURHEN ULBAB,,407,645,1052,10,1062
Jalna,,,Badnapur (SC),102,,178,1,3,0,4,16,YRAHDUOHC LALURHEN ULBAB,,537,565,1102,16,1118
Jalna,,,Badnapur (SC),102,,179,0,1,0,1,1,YRAHDUOHC LALURHEN ULBAB,,519,328,847,1,848
Jalna,,,Badnapur (SC),102,,180,0,0,0,0,1,YRAHDUOHC LALURHEN ULBAB,,507,245,752,1,753
Jalna,,,Badnapur (SC),102,,181,1,2,0,3,1,YRAHDUOHC LALURHEN ULBAB,,407,632,1039,1,1040
Jalna,,,Badnapur (SC),102,,182,1,1,0,2,2,YRAHDUOHC LALURHEN ULBAB,,143,561,704,2,706
Jalna,,,Badnapur (SC),102,,183,0,0,0,0,0,YRAHDUOHC LALURHEN ULBAB,,361,365,726,0,726
Jalna,,,Badnapur (SC),102,,184,1,0,0,1,0,YRAHDUOHC LALURHEN ULBAB,,944,300,1244,0,1244
Jalna,,,Badnapur (SC),102,,185,0,1,0,1,4,YRAHDUOHC LALURHEN ULBAB,,500,390,890,4,894
Jalna,,,Badnapur (SC),102,,186,0,0,0,0,0,YRAHDUOHC LALURHEN ULBAB,,223,224,447,0,447
Jalna,,,Badnapur (SC),102,,187,1,0,0,1,6,YRAHDUOHC LALURHEN ULBAB,,322,413,735,6,741
Jalna,,,Badnapur (SC),102,,188,0,0,0,0,2,YRAHDUOHC LALURHEN ULBAB,,189,359,548,2,550
Jalna,,,Badnapur (SC),102,,189,0,0,0,0,0,YRAHDUOHC LALURHEN ULBAB,,244,264,508,0,508
Jalna,,,Badnapur (SC),102,,190,1,1,0,2,1,YRAHDUOHC LALURHEN ULBAB,,399,573,972,1,973
Jalna,,,Badnapur (SC),102,,191,0,0,0,0,0,YRAHDUOHC LALURHEN ULBAB,,399,461,860,0,860
Jalna,,,Badnapur (SC),102,,192,1,1,0,2,1,YRAHDUOHC LALURHEN ULBAB,,680,418,1098,1,1099
Jalna,,,Badnapur (SC),102,,193,1,3,0,4,8,YRAHDUOHC LALURHEN ULBAB,,287,373,660,8,668
Jalna,,,Badnapur (SC),102,,194,0,1,0,1,2,YRAHDUOHC LALURHEN ULBAB,,476,587,1063,2,1065
Jalna,,,Badnapur (SC),102,,195,0,1,0,1,2,YRAHDUOHC LALURHEN ULBAB,,581,684,1265,2,1267
Jalna,,,Badnapur (SC),102,,196,0,2,0,2,2,YRAHDUOHC LALURHEN ULBAB,,425,504,929,2,931
Jalna,,,Badnapur (SC),102,,197,1,0,0,1,1,YRAHDUOHC LALURHEN ULBAB,,409,534,943,1,944
Jalna,,,Badnapur (SC),102,,198,1,0,0,1,0,YRAHDUOHC LALURHEN ULBAB,,427,506,933,0,933
Jalna,,,Badnapur (SC),102,,199,0,1,0,1,1,YRAHDUOHC LALURHEN ULBAB,,415,608,1023,1,1024
Jalna,,,Badnapur (SC),102,,200,1,0,0,1,1,YRAHDUOHC LALURHEN ULBAB,,604,431,1035,1,1036
Jalna,,,Badnapur (SC),102,,201,0,1,0,1,4,YRAHDUOHC LALURHEN ULBAB,,138,859,997,4,1001
Jalna,,,Badnapur (SC),102,,202,1,0,0,1,1,YRAHDUOHC LALURHEN ULBAB,,196,442,638,1,639
Jalna,,,Badnapur (SC),102,,203,0,0,0,0,1,YRAHDUOHC LALURHEN ULBAB,,295,291,586,1,587
Jalna,,,Badnapur (SC),102,,205,0,0,0,0,2,YRAHDUOHC LALURHEN ULBAB,,342,446,788,2,790
Jalna,,,Badnapur (SC),102,,206,1,1,0,2,2,YRAHDUOHC LALURHEN ULBAB,,263,553,816,2,818
Jalna,,,Badnapur (SC),102,,207,1,0,0,1,1,YRAHDUOHC LALURHEN ULBAB,,215,516,731,1,732
Jalna,,,Badnapur (SC),102,,208,0,0,0,0,3,YRAHDUOHC LALURHEN ULBAB,,172,515,687,3,690
Jalna,,,Badnapur (SC),102,,209,0,1,0,1,0,YRAHDUOHC LALURHEN ULBAB,,142,225,367,0,367
Jalna,,,Badnapur (SC),102,,210,0,0,0,0,3,YRAHDUOHC LALURHEN ULBAB,,326,475,801,3,804
Jalna,,,Badnapur (SC),102,,211,0,0,0,0,3,YRAHDUOHC LALURHEN ULBAB,,496,603,1099,3,1102
Jalna,,,Badnapur (SC),102,,212,1,0,0,1,2,YRAHDUOHC LALURHEN ULBAB,,379,504,883,2,885
Jalna,,,Badnapur (SC),102,,213,2,0,0,2,5,YRAHDUOHC LALURHEN ULBAB,,258,909,1167,5,1172
Jalna,,,Badnapur (SC),102,,214,0,1,0,1,3,YRAHDUOHC LALURHEN ULBAB,,639,534,1173,3,1176
Jalna,,,Badnapur (SC),102,,215,2,2,0,4,0,YRAHDUOHC LALURHEN ULBAB,,438,667,1105,0,1105
Jalna,,,Badnapur (SC),102,,216,1,0,0,1,0,YRAHDUOHC LALURHEN ULBAB,,208,589,797,0,797
Jalna,,,Badnapur (SC),102,,217,0,0,0,0,3,YRAHDUOHC LALURHEN ULBAB,,157,522,679,3,682
Jalna,,,Badnapur (SC),102,,218,1,1,0,2,1,YRAHDUOHC LALURHEN ULBAB,,232,564,796,1,797
Jalna,,,Badnapur (SC),102,,219,0,0,0,0,0,YRAHDUOHC LALURHEN ULBAB,,243,538,781,0,781
Jalna,,,Badnapur (SC),102,,220,0,0,0,0,7,YRAHDUOHC LALURHEN ULBAB,,434,663,1097,7,1104
Jalna,,,Badnapur (SC),102,,221,0,1,0,1,1,YRAHDUOHC LALURHEN ULBAB,,539,603,1142,1,1143
Jalna,,,Badnapur (SC),102,,222,1,1,0,2,1,YRAHDUOHC LALURHEN ULBAB,,396,654,1050,1,1051
Jalna,,,Badnapur (SC),102,,223,0,0,0,0,3,YRAHDUOHC LALURHEN ULBAB,,357,525,882,3,885
Jalna,,,Badnapur (SC),102,,224,0,0,0,0,4,YRAHDUOHC LALURHEN ULBAB,,180,449,629,4,633
Jalna,,,Badnapur (SC),102,,225,1,0,0,1,1,YRAHDUOHC LALURHEN ULBAB,,244,588,832,1,833
Jalna,,,Badnapur (SC),102,,226,0,1,0,1,0,YRAHDUOHC LALURHEN ULBAB,,109,644,753,0,753
Jalna,,,Badnapur (SC),102,,227,0,0,0,0,2,YRAHDUOHC LALURHEN ULBAB,,402,579,981,2,983
Jalna,,,Badnapur (SC),102,,228,1,0,0,1,1,YRAHDUOHC LALURHEN ULBAB,,162,523,685,1,686
Jalna,,,Badnapur (SC),102,,229,0,2,0,2,9,YRAHDUOHC LALURHEN ULBAB,,653,612,1265,9,1274
Jalna,,,Badnapur (SC),102,,230,0,0,0,0,1,YRAHDUOHC LALURHEN ULBAB,,568,625,1193,1,1194
Jalna,,,Badnapur (SC),102,,231,0,1,0,1,3,YRAHDUOHC LALURHEN ULBAB,,257,562,819,3,822
Jalna,,,Badnapur (SC),102,,232,1,0,0,1,0,YRAHDUOHC LALURHEN ULBAB,,206,618,824,0,824
Jalna,,,Badnapur (SC),102,,233,1,1,0,2,1,YRAHDUOHC LALURHEN ULBAB,,250,564,814,1,815
Jalna,,,Badnapur (SC),102,,234,1,0,0,1,2,YRAHDUOHC LALURHEN ULBAB,,121,851,972,2,974
Jalna,,,Badnapur (SC),102,,235,0,1,0,1,0,YRAHDUOHC LALURHEN ULBAB,,156,340,496,0,496
Jalna,,,Badnapur (SC),102,,236,2,0,0,2,3,YRAHDUOHC LALURHEN ULBAB,,350,818,1168,3,1171
Jalna,,,Badnapur (SC),102,,237,0,0,0,0,1,YRAHDUOHC LALURHEN ULBAB,,323,561,884,1,885
Jalna,,,Badnapur (SC),102,,238,0,1,0,1,2,YRAHDUOHC LALURHEN ULBAB,,113,643,756,2,758
Jalna,,,Badnapur (SC),102,,239,0,2,0,2,1,YRAHDUOHC LALURHEN ULBAB,,278,485,763,1,764
Jalna,,,Badnapur (SC),102,,240,0,0,0,0,1,YRAHDUOHC LALURHEN ULBAB,,379,490,869,1,870
Jalna,,,Badnapur (SC),102,,241,0,1,0,1,1,YRAHDUOHC LALURHEN ULBAB,,478,420,898,1,899
Jalna,,,Badnapur (SC),102,,242,1,0,0,1,1,YRAHDUOHC LALURHEN ULBAB,,291,410,701,1,702
Jalna,,,Badnapur (SC),102,,243,0,0,0,0,0,YRAHDUOHC LALURHEN ULBAB,,343,543,886,0,886
Jalna,,,Badnapur (SC),102,,244,0,0,0,0,1,YRAHDUOHC LALURHEN ULBAB,,365,564,929,1,930
Jalna,,,Badnapur (SC),102,,245,0,1,0,1,2,YRAHDUOHC LALURHEN ULBAB,,317,718,1035,2,1037
Jalna,,,Badnapur (SC),102,,246,0,0,0,0,0,YRAHDUOHC LALURHEN ULBAB,,285,433,718,0,718
Jalna,,,Badnapur (SC),102,,247,0,0,0,0,0,YRAHDUOHC LALURHEN ULBAB,,182,292,474,0,474
Jalna,,,Badnapur (SC),102,,248,0,0,0,0,1,YRAHDUOHC LALURHEN ULBAB,,427,507,934,1,935
Jalna,,,Badnapur (SC),102,,249,1,0,0,1,1,YRAHDUOHC LALURHEN ULBAB,,447,654,1101,1,1102
Jalna,,,Badnapur (SC),102,,250,0,2,0,2,1,YRAHDUOHC LALURHEN ULBAB,,427,499,926,1,927
Jalna,,,Badnapur (SC),102,,251,0,1,0,1,1,YRAHDUOHC LALURHEN ULBAB,,445,691,1136,1,1137
Jalna,,,Badnapur (SC),102,,252,0,1,0,1,3,YRAHDUOHC LALURHEN ULBAB,,353,747,1100,3,1103
Jalna,,,Badnapur (SC),102,,253,0,1,0,1,1,YRAHDUOHC LALURHEN ULBAB,,154,447,601,1,602
Jalna,,,Badnapur (SC),102,,254,1,1,0,2,1,YRAHDUOHC LALURHEN ULBAB,,331,473,804,1,805
Jalna,,,Badnapur (SC),102,,256,1,2,0,3,4,YRAHDUOHC LALURHEN ULBAB,,252,567,819,4,823
Jalna,,,Badnapur (SC),102,,257,1,1,0,2,2,YRAHDUOHC LALURHEN ULBAB,,312,449,761,2,763
Jalna,,,Badnapur (SC),102,,258,0,0,0,0,2,YRAHDUOHC LALURHEN ULBAB,,358,686,1044,2,1046
Jalna,,,Badnapur (SC),102,,259,1,2,0,3,2,YRAHDUOHC LALURHEN ULBAB,,437,620,1057,2,1059
Jalna,,,Badnapur (SC),102,,260,0,0,0,0,0,YRAHDUOHC LALURHEN ULBAB,,367,649,1016,0,1016
Jalna,,,Badnapur (SC),102,,261,0,0,0,0,1,YRAHDUOHC LALURHEN ULBAB,,604,390,994,1,995
Jalna,,,Badnapur (SC),102,,262,0,1,0,1,5,YRAHDUOHC LALURHEN ULBAB,,500,498,998,5,1003
Jalna,,,Badnapur (SC),102,,263,0,0,0,0,1,YRAHDUOHC LALURHEN ULBAB,,406,457,863,1,864
Jalna,,,Badnapur (SC),102,,264,0,1,0,1,0,YRAHDUOHC LALURHEN ULBAB,,405,487,892,0,892
Jalna,,,Badnapur (SC),102,,265,0,0,0,0,3,YRAHDUOHC LALURHEN ULBAB,,187,473,660,3,663
Jalna,,,Badnapur (SC),102,,266,0,1,0,1,1,YRAHDUOHC LALURHEN ULBAB,,364,454,818,1,819
Jalna,,,Badnapur (SC),102,,267,1,2,0,3,0,YRAHDUOHC LALURHEN ULBAB,,296,635,931,0,931
Jalna,,,Badnapur (SC),102,,268,0,0,0,0,0,YRAHDUOHC LALURHEN ULBAB,,323,657,980,0,980
Jalna,,,Badnapur (SC),102,,269,1,0,0,1,1,YRAHDUOHC LALURHEN ULBAB,,591,590,1181,1,1182
Jalna,,,Badnapur (SC),102,,270,0,0,0,0,0,YRAHDUOHC LALURHEN ULBAB,,506,570,1076,0,1076
Jalna,,,Badnapur (SC),102,,271,0,2,0,2,1,YRAHDUOHC LALURHEN ULBAB,,640,622,1262,1,1263
Jalna,,,Badnapur (SC),102,,272,1,1,0,2,3,YRAHDUOHC LALURHEN ULBAB,,442,801,1243,3,1246
Jalna,,,Badnapur (SC),102,,273,0,0,0,0,5,YRAHDUOHC LALURHEN ULBAB,,462,654,1116,5,1121
Jalna,,,Badnapur (SC),102,,274,1,1,0,2,1,YRAHDUOHC LALURHEN ULBAB,,594,511,1105,1,1106
Jalna,,,Badnapur (SC),102,,275,0,0,0,0,1,YRAHDUOHC LALURHEN ULBAB,,692,604,1296,1,1297
Jalna,,,Badnapur (SC),102,,276,1,0,0,1,0,YRAHDUOHC LALURHEN ULBAB,,525,390,915,0,915
Jalna,,,Badnapur (SC),102,,277,5,0,0,5,1,YRAHDUOHC LALURHEN ULBAB,,883,370,1253,1,1254
Jalna,,,Badnapur (SC),102,,278,0,0,0,0,0,YRAHDUOHC LALURHEN ULBAB,,152,505,657,0,657
Jalna,,,Badnapur (SC),102,,279,0,0,0,0,1,YRAHDUOHC LALURHEN ULBAB,,542,366,908,1,909
Jalna,,,Badnapur (SC),102,,280,0,0,0,0,2,YRAHDUOHC LALURHEN ULBAB,,287,400,687,2,689
Jalna,,,Badnapur (SC),102,,281,0,0,0,0,0,YRAHDUOHC LALURHEN ULBAB,,175,459,634,0,634
Jalna,,,Badnapur (SC),102,,282,0,0,0,0,1,YRAHDUOHC LALURHEN ULBAB,,450,547,997,1,998
Jalna,,,Badnapur (SC),102,,283,0,0,0,0,0,YRAHDUOHC LALURHEN ULBAB,,316,461,777,0,777
Jalna,,,Badnapur (SC),102,,284,0,2,0,2,3,YRAHDUOHC LALURHEN ULBAB,,351,439,790,3,793
Jalna,,,Badnapur (SC),102,,285,1,1,0,2,0,YRAHDUOHC LALURHEN ULBAB,,386,550,936,0,936
Jalna,,,Badnapur (SC),102,,286,1,0,0,1,2,YRAHDUOHC LALURHEN ULBAB,,413,638,1051,2,1053
Jalna,,,Badnapur (SC),102,,287,0,0,0,0,0,YRAHDUOHC LALURHEN ULBAB,,604,412,1016,0,1016
Jalna,,,Badnapur (SC),102,,288,0,0,0,0,0,YRAHDUOHC LALURHEN ULBAB,,306,380,686,0,686
Jalna,,,Badnapur (SC),102,,289,0,0,0,0,1,YRAHDUOHC LALURHEN ULBAB,,432,347,779,1,780
Jalna,,,Badnapur (SC),102,,290,0,0,0,0,1,YRAHDUOHC LALURHEN ULBAB,,488,580,1068,1,1069
Jalna,,,Badnapur (SC),102,,291,1,0,0,1,2,YRAHDUOHC LALURHEN ULBAB,,428,413,841,2,843
Jalna,,,Badnapur (SC),102,,292,0,0,0,0,2,YRAHDUOHC LALURHEN ULBAB,,747,514,1261,2,1263
Jalna,,,Badnapur (SC),102,,293,0,1,0,1,1,YRAHDUOHC LALURHEN ULBAB,,246,476,722,1,723
Jalna,,,Badnapur (SC),102,,294,0,0,0,0,0,YRAHDUOHC LALURHEN ULBAB,,255,504,759,0,759
Jalna,,,Badnapur (SC),102,,295,0,1,0,1,1,YRAHDUOHC LALURHEN ULBAB,,323,463,786,1,787
Jalna,,,Badnapur (SC),102,,296,0,0,0,0,1,YRAHDUOHC LALURHEN ULBAB,,464,486,950,1,951
Jalna,,,Badnapur (SC),102,,297,0,2,0,2,1,YRAHDUOHC LALURHEN ULBAB,,460,574,1034,1,1035
Jalna,,,Badnapur (SC),102,,298,0,0,0,0,1,YRAHDUOHC LALURHEN ULBAB,,128,580,708,1,709
Jalna,,,Badnapur (SC),102,,299,1,0,0,1,2,YRAHDUOHC LALURHEN ULBAB,,207,577,784,2,786
Jalna,,,Badnapur (SC),102,,300,0,0,0,0,0,YRAHDUOHC LALURHEN ULBAB,,543,544,1087,0,1087
Jalna,,,Badnapur (SC),102,,301,0,0,0,0,0,YRAHDUOHC LALURHEN ULBAB,,457,599,1056,0,1056
Jalna,,,Badnapur (SC),102,,302,0,0,0,0,1,YRAHDUOHC LALURHEN ULBAB,,422,454,876,1,877
Jalna,,,Badnapur (SC),102,,303,0,0,0,0,2,YRAHDUOHC LALURHEN ULBAB,,539,472,1011,2,1013
Jalna,,,Badnapur (SC),102,,304,0,1,0,1,1,YRAHDUOHC LALURHEN ULBAB,,401,553,954,1,955
Jalna,,,Badnapur (SC),102,,305,1,7,0,8,12,YRAHDUOHC LALURHEN ULBAB,,473,551,1024,12,1036
Jalna,,,Badnapur (SC),102,,307,0,0,0,0,0,YRAHDUOHC LALURHEN ULBAB,,198,504,702,0,702
Jalna,,,Badnapur (SC),102,,308,0,1,0,1,0,YRAHDUOHC LALURHEN ULBAB,,459,566,1025,0,1025
Jalna,,,Badnapur (SC),102,,309,0,0,0,0,1,YRAHDUOHC LALURHEN ULBAB,,577,499,1076,1,1077
Jalna,,,Badnapur (SC),102,,310,0,0,0,0,1,YRAHDUOHC LALURHEN ULBAB,,134,570,704,1,705
Jalna,,,Badnapur (SC),102,,311,0,0,0,0,0,YRAHDUOHC LALURHEN ULBAB,,151,637,788,0,788
Jalna,,,Badnapur (SC),102,,312,0,1,0,1,4,YRAHDUOHC LALURHEN ULBAB,,139,869,1008,4,1012
Jalna,,,Badnapur (SC),102,,313,1,0,0,1,1,YRAHDUOHC LALURHEN ULBAB,,224,638,862,1,863
Jalna,,,Badnapur (SC),102,,314,0,0,0,0,2,YRAHDUOHC LALURHEN ULBAB,,764,495,1259,2,1261
Jalna,,,Badnapur (SC),102,,315,1,1,0,2,2,YRAHDUOHC LALURHEN ULBAB,,349,664,1013,2,1015
Jalna,,,Badnapur (SC),102,,316,0,0,0,0,4,YRAHDUOHC LALURHEN ULBAB,,450,801,1251,4,1255
Jalna,,,Badnapur (SC),102,,317,0,0,0,0,2,YRAHDUOHC LALURHEN ULBAB,,250,464,714,2,716
Jalna,,,Badnapur (SC),102,,318,0,0,0,0,0,YRAHDUOHC LALURHEN ULBAB,,241,563,804,0,804
Jalna,,,Badnapur (SC),102,,319,0,0,0,0,0,YRAHDUOHC LALURHEN ULBAB,,353,448,801,0,801
Jalna,,,Badnapur (SC),102,,320,0,0,0,0,5,YRAHDUOHC LALURHEN ULBAB,,245,805,1050,5,1055
Jalna,,,Badnapur (SC),102,,321,1,0,0,1,3,YRAHDUOHC LALURHEN ULBAB,,222,662,884,3,887
Jalna,,,Badnapur (SC),102,,322,1,5,0,6,5,YRAHDUOHC LALURHEN ULBAB,,262,867,1129,5,1134
Jalna,,,Badnapur (SC),102,,323,0,0,0,0,1,YRAHDUOHC LALURHEN ULBAB,,363,425,788,1,789
Jalna,,,Badnapur (SC),102,,324,0,1,0,1,3,YRAHDUOHC LALURHEN ULBAB,,476,464,940,3,943
Jalna,,,Badnapur (SC),102,,325,0,0,0,0,0,YRAHDUOHC LALURHEN ULBAB,,276,725,1001,0,1001
Jalna,,,Badnapur (SC),102,,326,0,0,0,0,0,YRAHDUOHC LALURHEN ULBAB,,302,574,876,0,876
Jalna,,,Badnapur (SC),102,,327,0,0,0,0,2,YRAHDUOHC LALURHEN ULBAB,,327,556,883,2,885
Jalna,,,Badnapur (SC),102,,328,0,1,0,1,0,YRAHDUOHC LALURHEN ULBAB,,282,533,815,0,815
Jalna,,,Badnapur (SC),102,,329,0,0,0,0,1,YRAHDUOHC LALURHEN ULBAB,,291,452,743,1,744
Jalna,,,Badnapur (SC),102,,330,0,0,0,0,7,YRAHDUOHC LALURHEN ULBAB,,453,593,1046,7,1053
Jalna,,,Badnapur (SC),102,,331,0,2,0,2,1,YRAHDUOHC LALURHEN ULBAB,,242,460,702,1,703
Jalna,,,Badnapur (SC),102,,332,1,0,0,1,1,YRAHDUOHC LALURHEN ULBAB,,379,493,872,1,873
Jalna,,,Badnapur (SC),102,,333,0,0,0,0,2,YRAHDUOHC LALURHEN ULBAB,,486,461,947,2,949
Jalna,,,Badnapur (SC),102,,334,0,0,0,0,1,YRAHDUOHC LALURHEN ULBAB,,300,574,874,1,875
Jalna,,,Badnapur (SC),102,,335,0,0,0,0,0,YRAHDUOHC LALURHEN ULBAB,,320,552,872,0,872
Jalna,,,Badnapur (SC),102,,336,1,3,0,4,6,YRAHDUOHC LALURHEN ULBAB,,420,635,1055,6,1061
Jalna,,,Badnapur (SC),102,,337,1,0,0,1,0,YRAHDUOHC LALURHEN ULBAB,,467,626,1093,0,1093
Jalna,,,Badnapur (SC),102,,338,0,0,0,0,1,YRAHDUOHC LALURHEN ULBAB,,224,438,662,1,663
Jalna,,,Badnapur (SC),102,,339,1,0,0,1,1,YRAHDUOHC LALURHEN ULBAB,,383,708,1091,1,1092
Jalna,,,Badnapur (SC),102,,340,0,0,0,0,3,YRAHDUOHC LALURHEN ULBAB,,247,671,918,3,921
Jalna,,,Badnapur (SC),102,,341,1,0,0,1,3,YRAHDUOHC LALURHEN ULBAB,,368,551,919,3,922
Jalna,,,Badnapur (SC),102,,342,1,0,0,1,3,YRAHDUOHC LALURHEN ULBAB,,515,643,1158,3,1161
Jalna,,,Badnapur (SC),102,,343,1,1,0,2,2,YRAHDUOHC LALURHEN ULBAB,,535,611,1146,2,1148
Jalna,,,Badnapur (SC),102,,344,0,0,0,0,0,YRAHDUOHC LALURHEN ULBAB,,109,504,613,0,613
Jalna,,,Badnapur (SC),102,,345,0,1,0,1,0,YRAHDUOHC LALURHEN ULBAB,,383,504,887,0,887
Jalna,,,Badnapur (SC),102,,346,1,0,0,1,3,YRAHDUOHC LALURHEN ULBAB,,406,500,906,3,909
Jalna,,,Badnapur (SC),102,,347,0,1,0,1,2,YRAHDUOHC LALURHEN ULBAB,,423,804,1227,2,1229
Jalna,,,Badnapur (SC),102,,348,1,0,0,1,1,YRAHDUOHC LALURHEN ULBAB,,237,566,803,1,804
Jalna,,,Badnapur (SC),102,,349,0,0,0,0,3,YRAHDUOHC LALURHEN ULBAB,,123,608,731,3,734
Jalna,,,Badnapur (SC),102,,350,0,0,0,0,1,YRAHDUOHC LALURHEN ULBAB,,217,569,786,1,787
Jalna,,,Badnapur (SC),102,,351,2,0,0,2,0,YRAHDUOHC LALURHEN ULBAB,,258,574,832,0,832
Jalna,,,Badnapur (SC),102,,352,1,1,0,2,1,YRAHDUOHC LALURHEN ULBAB,,337,617,954,1,955
Jalna,,,Badnapur (SC),102,,353,1,0,0,1,4,YRAHDUOHC LALURHEN ULBAB,,185,785,970,4,974
Jalna,,,Badnapur (SC),102,,354,1,0,0,1,3,YRAHDUOHC LALURHEN ULBAB,,278,780,1058,3,1061
Jalna,,,Badnapur (SC),102,,355,1,0,0,1,2,YRAHDUOHC LALURHEN ULBAB,,456,669,1125,2,1127
Jalna,,,Badnapur (SC),102,,356,0,1,0,1,5,YRAHDUOHC LALURHEN ULBAB,,298,794,1092,5,1097
Jalna,,,Badnapur (SC),102,,358,0,1,0,1,0,YRAHDUOHC LALURHEN ULBAB,,446,472,918,0,918
Jalna,,,Badnapur (SC),102,,359,0,1,0,1,0,YRAHDUOHC LALURHEN ULBAB,,453,471,924,0,924
Jalna,,,Badnapur (SC),102,,360,0,0,0,0,0,YRAHDUOHC LALURHEN ULBAB,,242,698,940,0,940
Jalna,,,Badnapur (SC),102,,361,2,0,0,2,2,YRAHDUOHC LALURHEN ULBAB,,219,741,960,2,962
Jalna,,,Badnapur (SC),102,,362,1,0,0,1,2,YRAHDUOHC LALURHEN ULBAB,,579,553,1132,2,1134
Jalna,,,Badnapur (SC),102,,363,0,0,0,0,2,YRAHDUOHC LALURHEN ULBAB,,300,551,851,2,853
Jalna,,,Badnapur (SC),102,,364,0,0,0,0,0,YRAHDUOHC LALURHEN ULBAB,,254,608,862,0,862
Jalna,,,Badnapur (SC),102,,365,0,0,0,0,0,YRAHDUOHC LALURHEN ULBAB,,639,497,1136,0,1136
Jalna,,,Badnapur (SC),102,,366,0,0,0,0,1,YRAHDUOHC LALURHEN ULBAB,,211,711,922,1,923
Jalna,,,Badnapur (SC),102,,367,0,0,0,0,2,YRAHDUOHC LALURHEN ULBAB,,387,623,1010,2,1012
Jalna,,,Badnapur (SC),102,,368,1,2,0,3,1,YRAHDUOHC LALURHEN ULBAB,,537,573,1110,1,1111
Jalna,,,Badnapur (SC),102,,369,0,1,0,1,0,YRAHDUOHC LALURHEN ULBAB,,429,625,1054,0,1054
Jalna,,,Badnapur (SC),102,,370,0,0,0,0,0,YRAHDUOHC LALURHEN ULBAB,,226,509,735,0,735
Jalna,,,Badnapur (SC),102,,371,0,0,0,0,1,YRAHDUOHC LALURHEN ULBAB,,312,686,998,1,999
Jalna,,,Badnapur (SC),102,,372,0,0,0,0,1,YRAHDUOHC LALURHEN ULBAB,,236,585,821,1,822
Jalna,,,Badnapur (SC),102,,373,0,0,0,0,2,YRAHDUOHC LALURHEN ULBAB,,495,699,1194,2,1196
TOTAL,,,,,,,157,207,0,364,894,,,135200,171249,306449,894,307343
