District Name,District No,Jilha,Constituency Name,Constituency No,Total No. of Electors,Serial Poll,Total No. Valid Votes,No. of Rejected Votes,NOTA,Total,No. of Tendered Votes,Elected Person Name,Party Name of Elected Person,No. of Valid Votes Cast in Favour of Elected Person,Other Candidate Votes,Total EVM Votes,Total Postal ballot votes,Total Votes Polled
Akola,,,Balapur,29,,1,0,6,0,6,1,NITIN DESHMUKH BHIKANRAO,,523,346,869,1,870
Akola,,,Balapur,29,,2,0,3,0,3,0,NITIN DESHMUKH BHIKANRAO,,112,224,336,0,336
Akola,,,Balapur,29,,3,0,2,0,2,0,NITIN DESHMUKH BHIKANRAO,,224,234,458,0,458
Akola,,,Balapur,29,,4,0,1,0,1,0,NITIN DESHMUKH BHIKANRAO,,176,209,385,0,385
Akola,,,Balapur,29,,5,0,0,0,0,0,NITIN DESHMUKH BHIKANRAO,,251,408,659,0,659
Akola,,,Balapur,29,,6,1,2,0,3,0,NITIN DESHMUKH BHIKANRAO,,281,389,670,0,670
Akola,,,Balapur,29,,7,0,1,0,1,0,NITIN DESHMUKH BHIKANRAO,,316,375,691,0,691
Akola,,,Balapur,29,,8,3,1,0,4,1,NITIN DESHMUKH BHIKANRAO,,96,464,560,1,561
Akola,,,Balapur,29,,9,3,2,0,5,0,NITIN DESHMUKH BHIKANRAO,,195,525,720,0,720
Akola,,,Balapur,29,,10,0,0,0,0,0,NITIN DESHMUKH BHIKANRAO,,388,543,931,0,931
Akola,,,Balapur,29,,11,2,0,0,2,1,NITIN DESHMUKH BHIKANRAO,,356,463,819,1,820
Akola,,,Balapur,29,,12,2,1,0,3,2,NITIN DESHMUKH BHIKANRAO,,179,613,792,2,794
Akola,,,Balapur,29,,13,3,1,0,4,0,NITIN DESHMUKH BHIKANRAO,,219,410,629,0,629
Akola,,,Balapur,29,,14,1,1,0,2,0,NITIN DESHMUKH BHIKANRAO,,274,153,427,0,427
Akola,,,Balapur,29,,15,1,3,0,4,0,NITIN DESHMUKH BHIKANRAO,,420,488,908,0,908
Akola,,,Balapur,29,,16,0,3,0,3,0,NITIN DESHMUKH BHIKANRAO,,180,398,578,0,578
Akola,,,Balapur,29,,17,0,3,0,3,0,NITIN DESHMUKH BHIKANRAO,,193,263,456,0,456
Akola,,,Balapur,29,,18,0,4,0,4,0,NITIN DESHMUKH BHIKANRAO,,223,207,430,0,430
Akola,,,Balapur,29,,19,1,7,0,8,1,NITIN DESHMUKH BHIKANRAO,,412,342,754,1,755
Akola,,,Balapur,29,,20,1,27,0,28,0,NITIN DESHMUKH BHIKANRAO,,211,398,609,0,609
Akola,,,Balapur,29,,21,0,15,0,15,0,NITIN DESHMUKH BHIKANRAO,,166,277,443,0,443
Akola,,,Balapur,29,,22,1,5,0,6,1,NITIN DESHMUKH BHIKANRAO,,154,580,734,1,735
Akola,,,Balapur,29,,23,1,13,0,14,1,NITIN DESHMUKH BHIKANRAO,,193,485,678,1,679
Akola,,,Balapur,29,,24,1,0,0,1,0,NITIN DESHMUKH BHIKANRAO,,198,271,469,0,469
Akola,,,Balapur,29,,25,0,4,0,4,0,NITIN DESHMUKH BHIKANRAO,,401,437,838,0,838
Akola,,,Balapur,29,,26,0,0,0,0,0,NITIN DESHMUKH BHIKANRAO,,103,291,394,0,394
Akola,,,Balapur,29,,27,1,3,0,4,0,NITIN DESHMUKH BHIKANRAO,,95,293,388,0,388
Akola,,,Balapur,29,,28,0,11,0,11,0,NITIN DESHMUKH BHIKANRAO,,273,466,739,0,739
Akola,,,Balapur,29,,29,1,0,0,1,1,NITIN DESHMUKH BHIKANRAO,,279,528,807,1,808
Akola,,,Balapur,29,,30,1,3,0,4,0,NITIN DESHMUKH BHIKANRAO,,226,286,512,0,512
Akola,,,Balapur,29,,31,0,1,0,1,0,NITIN DESHMUKH BHIKANRAO,,161,242,403,0,403
Akola,,,Balapur,29,,32,1,0,0,1,0,NITIN DESHMUKH BHIKANRAO,,427,358,785,0,785
Akola,,,Balapur,29,,33,3,1,0,4,0,NITIN DESHMUKH BHIKANRAO,,36,543,579,0,579
Akola,,,Balapur,29,,34,0,0,0,0,0,NITIN DESHMUKH BHIKANRAO,,167,367,534,0,534
Akola,,,Balapur,29,,35,0,0,0,0,0,NITIN DESHMUKH BHIKANRAO,,228,300,528,0,528
Akola,,,Balapur,29,,36,0,5,0,5,0,NITIN DESHMUKH BHIKANRAO,,294,296,590,0,590
Akola,,,Balapur,29,,37,1,1,0,2,0,NITIN DESHMUKH BHIKANRAO,,185,603,788,0,788
Akola,,,Balapur,29,,38,2,1,0,3,0,NITIN DESHMUKH BHIKANRAO,,194,719,913,0,913
Akola,,,Balapur,29,,39,0,0,0,0,0,NITIN DESHMUKH BHIKANRAO,,53,706,759,0,759
Akola,,,Balapur,29,,40,3,0,0,3,0,NITIN DESHMUKH BHIKANRAO,,212,479,691,0,691
Akola,,,Balapur,29,,41,0,0,0,0,0,NITIN DESHMUKH BHIKANRAO,,447,244,691,0,691
Akola,,,Balapur,29,,42,1,0,0,1,0,NITIN DESHMUKH BHIKANRAO,,94,295,389,0,389
Akola,,,Balapur,29,,43,1,1,0,2,0,NITIN DESHMUKH BHIKANRAO,,419,447,866,0,866
Akola,,,Balapur,29,,44,0,1,0,1,0,NITIN DESHMUKH BHIKANRAO,,163,572,735,0,735
Akola,,,Balapur,29,,45,4,0,0,4,0,NITIN DESHMUKH BHIKANRAO,,215,653,868,0,868
Akola,,,Balapur,29,,46,0,0,0,0,0,NITIN DESHMUKH BHIKANRAO,,138,691,829,0,829
Akola,,,Balapur,29,,47,0,2,0,2,0,NITIN DESHMUKH BHIKANRAO,,372,636,1008,0,1008
Akola,,,Balapur,29,,48,0,0,0,0,0,NITIN DESHMUKH BHIKANRAO,,61,276,337,0,337
Akola,,,Balapur,29,,49,0,3,0,3,0,NITIN DESHMUKH BHIKANRAO,,181,457,638,0,638
Akola,,,Balapur,29,,50,0,0,0,0,0,NITIN DESHMUKH BHIKANRAO,,356,355,711,0,711
Akola,,,Balapur,29,,51,2,6,0,8,1,NITIN DESHMUKH BHIKANRAO,,193,415,608,1,609
Akola,,,Balapur,29,,52,1,0,0,1,0,NITIN DESHMUKH BHIKANRAO,,98,450,548,0,548
Akola,,,Balapur,29,,53,0,1,0,1,1,NITIN DESHMUKH BHIKANRAO,,153,404,557,1,558
Akola,,,Balapur,29,,54,0,4,0,4,0,NITIN DESHMUKH BHIKANRAO,,168,490,658,0,658
Akola,,,Balapur,29,,55,1,2,0,3,0,NITIN DESHMUKH BHIKANRAO,,575,380,955,0,955
Akola,,,Balapur,29,,56,1,5,0,6,1,NITIN DESHMUKH BHIKANRAO,,201,641,842,1,843
Akola,,,Balapur,29,,57,5,4,0,9,0,NITIN DESHMUKH BHIKANRAO,,172,629,801,0,801
Akola,,,Balapur,29,,58,1,5,0,6,0,NITIN DESHMUKH BHIKANRAO,,219,458,677,0,677
Akola,,,Balapur,29,,59,1,3,0,4,0,NITIN DESHMUKH BHIKANRAO,,166,435,601,0,601
Akola,,,Balapur,29,,60,0,2,0,2,1,NITIN DESHMUKH BHIKANRAO,,100,481,581,1,582
Akola,,,Balapur,29,,61,0,12,0,12,0,NITIN DESHMUKH BHIKANRAO,,193,314,507,0,507
Akola,,,Balapur,29,,62,0,1,0,1,0,NITIN DESHMUKH BHIKANRAO,,142,226,368,0,368
Akola,,,Balapur,29,,63,1,0,0,1,0,NITIN DESHMUKH BHIKANRAO,,285,435,720,0,720
Akola,,,Balapur,29,,64,0,0,0,0,0,NITIN DESHMUKH BHIKANRAO,,215,414,629,0,629
Akola,,,Balapur,29,,65,1,8,0,9,0,NITIN DESHMUKH BHIKANRAO,,223,400,623,0,623
Akola,,,Balapur,29,,66,0,2,0,2,1,NITIN DESHMUKH BHIKANRAO,,455,266,721,1,722
Akola,,,Balapur,29,,67,1,2,0,3,0,NITIN DESHMUKH BHIKANRAO,,94,378,472,0,472
Akola,,,Balapur,29,,68,0,9,0,9,0,NITIN DESHMUKH BHIKANRAO,,509,304,813,0,813
Akola,,,Balapur,29,,69,1,2,0,3,0,NITIN DESHMUKH BHIKANRAO,,325,419,744,0,744
Akola,,,Balapur,29,,70,0,0,0,0,1,NITIN DESHMUKH BHIKANRAO,,406,273,679,1,680
Akola,,,Balapur,29,,71,0,1,0,1,0,NITIN DESHMUKH BHIKANRAO,,31,592,623,0,623
Akola,,,Balapur,29,,72,1,4,0,5,0,NITIN DESHMUKH BHIKANRAO,,315,349,664,0,664
Akola,,,Balapur,29,,73,0,2,0,2,0,NITIN DESHMUKH BHIKANRAO,,245,221,466,0,466
Akola,,,Balapur,29,,74,0,0,0,0,0,NITIN DESHMUKH BHIKANRAO,,120,554,674,0,674
Akola,,,Balapur,29,,75,0,0,0,0,1,NITIN DESHMUKH BHIKANRAO,,228,378,606,1,607
Akola,,,Balapur,29,,76,0,25,0,25,0,NITIN DESHMUKH BHIKANRAO,,208,276,484,0,484
Akola,,,Balapur,29,,77,1,3,0,4,2,NITIN DESHMUKH BHIKANRAO,,149,422,571,2,573
Akola,,,Balapur,29,,78,1,5,0,6,1,NITIN DESHMUKH BHIKANRAO,,489,494,983,1,984
Akola,,,Balapur,29,,79,2,4,0,6,0,NITIN DESHMUKH BHIKANRAO,,348,452,800,0,800
Akola,,,Balapur,29,,80,0,1,0,1,0,NITIN DESHMUKH BHIKANRAO,,280,449,729,0,729
Akola,,,Balapur,29,,81,0,4,0,4,0,NITIN DESHMUKH BHIKANRAO,,110,667,777,0,777
Akola,,,Balapur,29,,82,0,2,0,2,0,NITIN DESHMUKH BHIKANRAO,,183,309,492,0,492
Akola,,,Balapur,29,,83,0,3,0,3,0,NITIN DESHMUKH BHIKANRAO,,349,580,929,0,929
Akola,,,Balapur,29,,84,0,38,0,38,3,NITIN DESHMUKH BHIKANRAO,,291,662,953,3,956
Akola,,,Balapur,29,,85,0,2,0,2,1,NITIN DESHMUKH BHIKANRAO,,313,703,1016,1,1017
Akola,,,Balapur,29,,86,1,1,0,2,1,NITIN DESHMUKH BHIKANRAO,,232,674,906,1,907
Akola,,,Balapur,29,,87,1,0,0,1,0,NITIN DESHMUKH BHIKANRAO,,233,374,607,0,607
Akola,,,Balapur,29,,88,2,0,0,2,1,NITIN DESHMUKH BHIKANRAO,,301,229,530,1,531
Akola,,,Balapur,29,,89,0,0,0,0,0,NITIN DESHMUKH BHIKANRAO,,483,200,683,0,683
Akola,,,Balapur,29,,90,0,1,0,1,2,NITIN DESHMUKH BHIKANRAO,,618,156,774,2,776
Akola,,,Balapur,29,,91,1,0,0,1,0,NITIN DESHMUKH BHIKANRAO,,508,200,708,0,708
Akola,,,Balapur,29,,92,0,0,0,0,0,NITIN DESHMUKH BHIKANRAO,,246,582,828,0,828
Akola,,,Balapur,29,,93,0,0,0,0,2,NITIN DESHMUKH BHIKANRAO,,188,642,830,2,832
Akola,,,Balapur,29,,94,2,1,0,3,2,NITIN DESHMUKH BHIKANRAO,,172,785,957,2,959
Akola,,,Balapur,29,,95,0,6,0,6,0,NITIN DESHMUKH BHIKANRAO,,425,424,849,0,849
Akola,,,Balapur,29,,96,1,1,0,2,1,NITIN DESHMUKH BHIKANRAO,,95,774,869,1,870
Akola,,,Balapur,29,,97,1,1,0,2,0,NITIN DESHMUKH BHIKANRAO,,208,335,543,0,543
Akola,,,Balapur,29,,98,0,2,0,2,0,NITIN DESHMUKH BHIKANRAO,,157,387,544,0,544
Akola,,,Balapur,29,,99,3,3,0,6,0,NITIN DESHMUKH BHIKANRAO,,563,430,993,0,993
Akola,,,Balapur,29,,100,0,4,0,4,2,NITIN DESHMUKH BHIKANRAO,,206,438,644,2,646
Akola,,,Balapur,29,,101,0,0,0,0,0,NITIN DESHMUKH BHIKANRAO,,113,376,489,0,489
Akola,,,Balapur,29,,102,0,2,0,2,1,NITIN DESHMUKH BHIKANRAO,,399,607,1006,1,1007
Akola,,,Balapur,29,,103,0,1,0,1,0,NITIN DESHMUKH BHIKANRAO,,307,327,634,0,634
Akola,,,Balapur,29,,104,2,0,0,2,0,NITIN DESHMUKH BHIKANRAO,,88,579,667,0,667
Akola,,,Balapur,29,,105,1,2,0,3,0,NITIN DESHMUKH BHIKANRAO,,157,743,900,0,900
Akola,,,Balapur,29,,106,1,2,0,3,1,NITIN DESHMUKH BHIKANRAO,,163,757,920,1,921
Akola,,,Balapur,29,,107,0,3,0,3,0,NITIN DESHMUKH BHIKANRAO,,373,519,892,0,892
Akola,,,Balapur,29,,108,1,1,0,2,0,NITIN DESHMUKH BHIKANRAO,,118,721,839,0,839
Akola,,,Balapur,29,,109,0,2,0,2,1,NITIN DESHMUKH BHIKANRAO,,84,577,661,1,662
Akola,,,Balapur,29,,110,1,1,0,2,3,NITIN DESHMUKH BHIKANRAO,,138,419,557,3,560
Akola,,,Balapur,29,,111,2,1,0,3,0,NITIN DESHMUKH BHIKANRAO,,108,580,688,0,688
Akola,,,Balapur,29,,112,1,1,0,2,0,NITIN DESHMUKH BHIKANRAO,,146,795,941,0,941
Akola,,,Balapur,29,,113,1,3,0,4,0,NITIN DESHMUKH BHIKANRAO,,169,661,830,0,830
Akola,,,Balapur,29,,114,0,0,0,0,0,NITIN DESHMUKH BHIKANRAO,,55,313,368,0,368
Akola,,,Balapur,29,,115,0,0,0,0,0,NITIN DESHMUKH BHIKANRAO,,90,366,456,0,456
Akola,,,Balapur,29,,116,0,1,0,1,0,NITIN DESHMUKH BHIKANRAO,,80,443,523,0,523
Akola,,,Balapur,29,,117,2,8,0,10,0,NITIN DESHMUKH BHIKANRAO,,268,248,516,0,516
Akola,,,Balapur,29,,118,0,3,0,3,1,NITIN DESHMUKH BHIKANRAO,,257,558,815,1,816
Akola,,,Balapur,29,,119,1,2,0,3,0,NITIN DESHMUKH BHIKANRAO,,228,510,738,0,738
Akola,,,Balapur,29,,120,0,0,0,0,0,NITIN DESHMUKH BHIKANRAO,,49,716,765,0,765
Akola,,,Balapur,29,,121,0,0,0,0,0,NITIN DESHMUKH BHIKANRAO,,315,441,756,0,756
Akola,,,Balapur,29,,122,0,9,0,9,0,NITIN DESHMUKH BHIKANRAO,,348,595,943,0,943
Akola,,,Balapur,29,,123,2,1,0,3,0,NITIN DESHMUKH BHIKANRAO,,123,735,858,0,858
Akola,,,Balapur,29,,124,0,1,0,1,0,NITIN DESHMUKH BHIKANRAO,,195,690,885,0,885
Akola,,,Balapur,29,,125,0,0,0,0,0,NITIN DESHMUKH BHIKANRAO,,188,527,715,0,715
Akola,,,Balapur,29,,126,1,0,0,1,0,NITIN DESHMUKH BHIKANRAO,,208,310,518,0,518
Akola,,,Balapur,29,,127,0,0,0,0,1,NITIN DESHMUKH BHIKANRAO,,334,548,882,1,883
Akola,,,Balapur,29,,128,0,0,0,0,0,NITIN DESHMUKH BHIKANRAO,,278,625,903,0,903
Akola,,,Balapur,29,,129,2,1,0,3,0,NITIN DESHMUKH BHIKANRAO,,256,656,912,0,912
Akola,,,Balapur,29,,130,0,16,0,16,1,NITIN DESHMUKH BHIKANRAO,,154,679,833,1,834
Akola,,,Balapur,29,,131,0,0,0,0,0,NITIN DESHMUKH BHIKANRAO,,168,458,626,0,626
Akola,,,Balapur,29,,132,0,0,0,0,0,NITIN DESHMUKH BHIKANRAO,,184,461,645,0,645
Akola,,,Balapur,29,,133,0,0,0,0,0,NITIN DESHMUKH BHIKANRAO,,38,406,444,0,444
Akola,,,Balapur,29,,134,0,9,0,9,0,NITIN DESHMUKH BHIKANRAO,,278,446,724,0,724
Akola,,,Balapur,29,,135,0,0,0,0,0,NITIN DESHMUKH BHIKANRAO,,155,738,893,0,893
Akola,,,Balapur,29,,136,0,0,0,0,0,NITIN DESHMUKH BHIKANRAO,,62,541,603,0,603
Akola,,,Balapur,29,,137,0,1,0,1,0,NITIN DESHMUKH BHIKANRAO,,86,517,603,0,603
Akola,,,Balapur,29,,138,2,2,0,4,0,NITIN DESHMUKH BHIKANRAO,,221,847,1068,0,1068
Akola,,,Balapur,29,,139,1,1,0,2,0,NITIN DESHMUKH BHIKANRAO,,220,590,810,0,810
Akola,,,Balapur,29,,140,3,1,0,4,1,NITIN DESHMUKH BHIKANRAO,,266,669,935,1,936
Akola,,,Balapur,29,,141,6,0,0,6,0,NITIN DESHMUKH BHIKANRAO,,274,694,968,0,968
Akola,,,Balapur,29,,142,2,0,0,2,0,NITIN DESHMUKH BHIKANRAO,,502,537,1039,0,1039
Akola,,,Balapur,29,,143,1,1,0,2,0,NITIN DESHMUKH BHIKANRAO,,177,467,644,0,644
Akola,,,Balapur,29,,144,0,0,0,0,1,NITIN DESHMUKH BHIKANRAO,,414,398,812,1,813
Akola,,,Balapur,29,,145,0,0,0,0,1,NITIN DESHMUKH BHIKANRAO,,472,537,1009,1,1010
Akola,,,Balapur,29,,146,2,1,0,3,0,NITIN DESHMUKH BHIKANRAO,,222,670,892,0,892
Akola,,,Balapur,29,,147,1,0,0,1,0,NITIN DESHMUKH BHIKANRAO,,272,356,628,0,628
Akola,,,Balapur,29,,148,4,0,0,4,1,NITIN DESHMUKH BHIKANRAO,,296,717,1013,1,1014
Akola,,,Balapur,29,,149,1,0,0,1,0,NITIN DESHMUKH BHIKANRAO,,393,460,853,0,853
Akola,,,Balapur,29,,150,0,2,0,2,0,NITIN DESHMUKH BHIKANRAO,,250,381,631,0,631
Akola,,,Balapur,29,,151,1,5,0,6,0,NITIN DESHMUKH BHIKANRAO,,217,461,678,0,678
Akola,,,Balapur,29,,152,4,0,0,4,0,NITIN DESHMUKH BHIKANRAO,,232,712,944,0,944
Akola,,,Balapur,29,,153,1,0,0,1,0,NITIN DESHMUKH BHIKANRAO,,378,525,903,0,903
Akola,,,Balapur,29,,154,1,0,0,1,0,NITIN DESHMUKH BHIKANRAO,,166,478,644,0,644
Akola,,,Balapur,29,,155,0,1,0,1,1,NITIN DESHMUKH BHIKANRAO,,154,491,645,1,646
Akola,,,Balapur,29,,156,1,1,0,2,0,NITIN DESHMUKH BHIKANRAO,,94,388,482,0,482
Akola,,,Balapur,29,,157,3,0,0,3,0,NITIN DESHMUKH BHIKANRAO,,190,621,811,0,811
Akola,,,Balapur,29,,158,0,3,0,3,2,NITIN DESHMUKH BHIKANRAO,,294,645,939,2,941
Akola,,,Balapur,29,,159,0,0,0,0,0,NITIN DESHMUKH BHIKANRAO,,197,622,819,0,819
Akola,,,Balapur,29,,160,0,0,0,0,0,NITIN DESHMUKH BHIKANRAO,,93,486,579,0,579
Akola,,,Balapur,29,,161,0,1,0,1,0,NITIN DESHMUKH BHIKANRAO,,167,447,614,0,614
Akola,,,Balapur,29,,162,0,0,0,0,1,NITIN DESHMUKH BHIKANRAO,,537,529,1066,1,1067
Akola,,,Balapur,29,,163,1,0,0,1,0,NITIN DESHMUKH BHIKANRAO,,179,370,549,0,549
Akola,,,Balapur,29,,164,0,0,0,0,0,NITIN DESHMUKH BHIKANRAO,,341,599,940,0,940
Akola,,,Balapur,29,,165,1,0,0,1,0,NITIN DESHMUKH BHIKANRAO,,148,423,571,0,571
Akola,,,Balapur,29,,166,5,1,0,6,0,NITIN DESHMUKH BHIKANRAO,,252,795,1047,0,1047
Akola,,,Balapur,29,,167,3,0,0,3,0,NITIN DESHMUKH BHIKANRAO,,209,733,942,0,942
Akola,,,Balapur,29,,168,1,0,0,1,0,NITIN DESHMUKH BHIKANRAO,,251,707,958,0,958
Akola,,,Balapur,29,,169,1,1,0,2,0,NITIN DESHMUKH BHIKANRAO,,205,361,566,0,566
Akola,,,Balapur,29,,170,3,1,0,4,1,NITIN DESHMUKH BHIKANRAO,,401,596,997,1,998
Akola,,,Balapur,29,,171,0,0,0,0,4,NITIN DESHMUKH BHIKANRAO,,377,522,899,4,903
Akola,,,Balapur,29,,172,0,1,0,1,1,NITIN DESHMUKH BHIKANRAO,,187,562,749,1,750
Akola,,,Balapur,29,,173,5,0,0,5,3,NITIN DESHMUKH BHIKANRAO,,221,660,881,3,884
Akola,,,Balapur,29,,174,2,0,0,2,0,NITIN DESHMUKH BHIKANRAO,,145,540,685,0,685
Akola,,,Balapur,29,,175,3,0,0,3,13,NITIN DESHMUKH BHIKANRAO,,202,634,836,13,849
Akola,,,Balapur,29,,176,0,0,0,0,1,NITIN DESHMUKH BHIKANRAO,,227,659,886,1,887
Akola,,,Balapur,29,,177,0,2,0,2,0,NITIN DESHMUKH BHIKANRAO,,234,416,650,0,650
Akola,,,Balapur,29,,178,2,4,0,6,0,NITIN DESHMUKH BHIKANRAO,,96,450,546,0,546
Akola,,,Balapur,29,,179,0,2,0,2,0,NITIN DESHMUKH BHIKANRAO,,91,492,583,0,583
Akola,,,Balapur,29,,180,0,2,0,2,0,NITIN DESHMUKH BHIKANRAO,,102,649,751,0,751
Akola,,,Balapur,29,,181,1,2,0,3,2,NITIN DESHMUKH BHIKANRAO,,241,708,949,2,951
Akola,,,Balapur,29,,182,1,3,0,4,0,NITIN DESHMUKH BHIKANRAO,,232,360,592,0,592
Akola,,,Balapur,29,,183,0,0,0,0,0,NITIN DESHMUKH BHIKANRAO,,212,321,533,0,533
Akola,,,Balapur,29,,184,0,11,0,11,0,NITIN DESHMUKH BHIKANRAO,,265,361,626,0,626
Akola,,,Balapur,29,,185,1,7,0,8,0,NITIN DESHMUKH BHIKANRAO,,232,552,784,0,784
Akola,,,Balapur,29,,186,0,4,0,4,0,NITIN DESHMUKH BHIKANRAO,,264,626,890,0,890
Akola,,,Balapur,29,,187,2,1,0,3,0,NITIN DESHMUKH BHIKANRAO,,195,558,753,0,753
Akola,,,Balapur,29,,188,0,0,0,0,0,NITIN DESHMUKH BHIKANRAO,,374,664,1038,0,1038
Akola,,,Balapur,29,,189,0,0,0,0,0,NITIN DESHMUKH BHIKANRAO,,112,395,507,0,507
Akola,,,Balapur,29,,190,0,3,0,3,1,NITIN DESHMUKH BHIKANRAO,,389,673,1062,1,1063
Akola,,,Balapur,29,,191,0,16,0,16,0,NITIN DESHMUKH BHIKANRAO,,108,446,554,0,554
Akola,,,Balapur,29,,192,0,32,0,32,0,NITIN DESHMUKH BHIKANRAO,,259,413,672,0,672
Akola,,,Balapur,29,,193,1,17,0,18,1,NITIN DESHMUKH BHIKANRAO,,418,542,960,1,961
Akola,,,Balapur,29,,194,2,4,0,6,0,NITIN DESHMUKH BHIKANRAO,,66,527,593,0,593
Akola,,,Balapur,29,,195,0,8,0,8,0,NITIN DESHMUKH BHIKANRAO,,148,501,649,0,649
Akola,,,Balapur,29,,196,0,8,0,8,0,NITIN DESHMUKH BHIKANRAO,,355,711,1066,0,1066
Akola,,,Balapur,29,,197,0,2,0,2,0,NITIN DESHMUKH BHIKANRAO,,153,440,593,0,593
Akola,,,Balapur,29,,198,3,0,0,3,0,NITIN DESHMUKH BHIKANRAO,,397,591,988,0,988
Akola,,,Balapur,29,,199,2,0,0,2,0,NITIN DESHMUKH BHIKANRAO,,247,452,699,0,699
Akola,,,Balapur,29,,200,0,4,0,4,0,NITIN DESHMUKH BHIKANRAO,,375,474,849,0,849
Akola,,,Balapur,29,,201,1,6,0,7,1,NITIN DESHMUKH BHIKANRAO,,363,660,1023,1,1024
Akola,,,Balapur,29,,202,1,3,0,4,0,NITIN DESHMUKH BHIKANRAO,,299,634,933,0,933
Akola,,,Balapur,29,,203,0,1,0,1,0,NITIN DESHMUKH BHIKANRAO,,384,612,996,0,996
Akola,,,Balapur,29,,204,0,2,0,2,0,NITIN DESHMUKH BHIKANRAO,,510,589,1099,0,1099
Akola,,,Balapur,29,,205,1,0,0,1,0,NITIN DESHMUKH BHIKANRAO,,364,520,884,0,884
Akola,,,Balapur,29,,206,0,0,0,0,0,NITIN DESHMUKH BHIKANRAO,,270,407,677,0,677
Akola,,,Balapur,29,,207,2,1,0,3,0,NITIN DESHMUKH BHIKANRAO,,247,421,668,0,668
Akola,,,Balapur,29,,208,2,0,0,2,0,NITIN DESHMUKH BHIKANRAO,,449,612,1061,0,1061
Akola,,,Balapur,29,,209,1,1,0,2,0,NITIN DESHMUKH BHIKANRAO,,290,444,734,0,734
Akola,,,Balapur,29,,210,2,2,0,4,0,NITIN DESHMUKH BHIKANRAO,,175,499,674,0,674
Akola,,,Balapur,29,,211,0,5,0,5,0,NITIN DESHMUKH BHIKANRAO,,318,693,1011,0,1011
Akola,,,Balapur,29,,212,2,3,0,5,0,NITIN DESHMUKH BHIKANRAO,,308,686,994,0,994
Akola,,,Balapur,29,,213,0,1,0,1,0,NITIN DESHMUKH BHIKANRAO,,287,772,1059,0,1059
Akola,,,Balapur,29,,214,0,3,0,3,1,NITIN DESHMUKH BHIKANRAO,,125,525,650,1,651
Akola,,,Balapur,29,,215,0,4,0,4,1,NITIN DESHMUKH BHIKANRAO,,122,609,731,1,732
Akola,,,Balapur,29,,216,0,6,0,6,1,NITIN DESHMUKH BHIKANRAO,,223,916,1139,1,1140
Akola,,,Balapur,29,,217,0,23,0,23,0,NITIN DESHMUKH BHIKANRAO,,311,474,785,0,785
Akola,,,Balapur,29,,218,0,7,0,7,0,NITIN DESHMUKH BHIKANRAO,,437,530,967,0,967
Akola,,,Balapur,29,,219,1,14,0,15,1,NITIN DESHMUKH BHIKANRAO,,171,344,515,1,516
Akola,,,Balapur,29,,220,0,14,0,14,0,NITIN DESHMUKH BHIKANRAO,,217,473,690,0,690
Akola,,,Balapur,29,,221,0,5,0,5,0,NITIN DESHMUKH BHIKANRAO,,87,647,734,0,734
Akola,,,Balapur,29,,222,4,16,0,20,1,NITIN DESHMUKH BHIKANRAO,,319,823,1142,1,1143
Akola,,,Balapur,29,,223,0,8,0,8,0,NITIN DESHMUKH BHIKANRAO,,180,818,998,0,998
Akola,,,Balapur,29,,224,2,1,0,3,1,NITIN DESHMUKH BHIKANRAO,,121,593,714,1,715
Akola,,,Balapur,29,,225,1,5,0,6,1,NITIN DESHMUKH BHIKANRAO,,180,438,618,1,619
Akola,,,Balapur,29,,226,0,0,0,0,1,NITIN DESHMUKH BHIKANRAO,,268,894,1162,1,1163
Akola,,,Balapur,29,,227,0,5,0,5,0,NITIN DESHMUKH BHIKANRAO,,436,573,1009,0,1009
Akola,,,Balapur,29,,228,1,0,0,1,0,NITIN DESHMUKH BHIKANRAO,,403,525,928,0,928
Akola,,,Balapur,29,,229,2,0,0,2,0,NITIN DESHMUKH BHIKANRAO,,354,705,1059,0,1059
Akola,,,Balapur,29,,230,0,0,0,0,0,NITIN DESHMUKH BHIKANRAO,,160,615,775,0,775
Akola,,,Balapur,29,,231,0,30,0,30,0,NITIN DESHMUKH BHIKANRAO,,302,670,972,0,972
Akola,,,Balapur,29,,232,1,17,0,18,0,NITIN DESHMUKH BHIKANRAO,,123,723,846,0,846
Akola,,,Balapur,29,,233,2,62,0,64,0,NITIN DESHMUKH BHIKANRAO,,172,829,1001,0,1001
Akola,,,Balapur,29,,234,0,4,0,4,1,NITIN DESHMUKH BHIKANRAO,,19,501,520,1,521
Akola,,,Balapur,29,,235,3,41,0,44,0,NITIN DESHMUKH BHIKANRAO,,88,551,639,0,639
Akola,,,Balapur,29,,236,0,50,0,50,1,NITIN DESHMUKH BHIKANRAO,,214,692,906,1,907
Akola,,,Balapur,29,,237,1,21,0,22,0,NITIN DESHMUKH BHIKANRAO,,281,602,883,0,883
Akola,,,Balapur,29,,238,0,6,0,6,0,NITIN DESHMUKH BHIKANRAO,,182,519,701,0,701
Akola,,,Balapur,29,,239,0,2,0,2,0,NITIN DESHMUKH BHIKANRAO,,203,548,751,0,751
Akola,,,Balapur,29,,240,0,6,0,6,0,NITIN DESHMUKH BHIKANRAO,,115,1063,1178,0,1178
Akola,,,Balapur,29,,241,0,1,0,1,0,NITIN DESHMUKH BHIKANRAO,,184,713,897,0,897
Akola,,,Balapur,29,,242,3,16,0,19,0,NITIN DESHMUKH BHIKANRAO,,186,927,1113,0,1113
Akola,,,Balapur,29,,243,1,6,0,7,0,NITIN DESHMUKH BHIKANRAO,,93,658,751,0,751
Akola,,,Balapur,29,,244,0,29,0,29,0,NITIN DESHMUKH BHIKANRAO,,261,818,1079,0,1079
Akola,,,Balapur,29,,245,0,27,0,27,3,NITIN DESHMUKH BHIKANRAO,,319,688,1007,3,1010
Akola,,,Balapur,29,,246,0,2,0,2,0,NITIN DESHMUKH BHIKANRAO,,348,697,1045,0,1045
Akola,,,Balapur,29,,247,0,0,0,0,0,NITIN DESHMUKH BHIKANRAO,,221,891,1112,0,1112
Akola,,,Balapur,29,,248,1,1,0,2,0,NITIN DESHMUKH BHIKANRAO,,220,636,856,0,856
Akola,,,Balapur,29,,249,0,0,0,0,0,NITIN DESHMUKH BHIKANRAO,,394,638,1032,0,1032
Akola,,,Balapur,29,,250,1,8,0,9,0,NITIN DESHMUKH BHIKANRAO,,362,813,1175,0,1175
Akola,,,Balapur,29,,251,1,6,0,7,0,NITIN DESHMUKH BHIKANRAO,,367,639,1006,0,1006
Akola,,,Balapur,29,,252,0,12,0,12,1,NITIN DESHMUKH BHIKANRAO,,218,683,901,1,902
Akola,,,Balapur,29,,253,1,0,0,1,1,NITIN DESHMUKH BHIKANRAO,,492,668,1160,1,1161
Akola,,,Balapur,29,,254,1,18,0,19,0,NITIN DESHMUKH BHIKANRAO,,154,833,987,0,987
Akola,,,Balapur,29,,255,0,4,0,4,0,NITIN DESHMUKH BHIKANRAO,,242,887,1129,0,1129
Akola,,,Balapur,29,,256,0,3,0,3,0,NITIN DESHMUKH BHIKANRAO,,89,637,726,0,726
Akola,,,Balapur,29,,257,1,4,0,5,3,NITIN DESHMUKH BHIKANRAO,,104,678,782,3,785
Akola,,,Balapur,29,,258,1,3,0,4,0,NITIN DESHMUKH BHIKANRAO,,117,527,644,0,644
Akola,,,Balapur,29,,259,0,7,0,7,0,NITIN DESHMUKH BHIKANRAO,,105,892,997,0,997
Akola,,,Balapur,29,,260,1,0,0,1,1,NITIN DESHMUKH BHIKANRAO,,197,886,1083,1,1084
Akola,,,Balapur,29,,261,0,15,0,15,0,NITIN DESHMUKH BHIKANRAO,,361,821,1182,0,1182
Akola,,,Balapur,29,,262,1,41,0,42,1,NITIN DESHMUKH BHIKANRAO,,365,797,1162,1,1163
Akola,,,Balapur,29,,263,0,9,0,9,2,NITIN DESHMUKH BHIKANRAO,,270,819,1089,2,1091
Akola,,,Balapur,29,,264,0,5,0,5,1,NITIN DESHMUKH BHIKANRAO,,139,630,769,1,770
Akola,,,Balapur,29,,265,0,1,0,1,1,NITIN DESHMUKH BHIKANRAO,,147,619,766,1,767
Akola,,,Balapur,29,,266,0,5,0,5,0,NITIN DESHMUKH BHIKANRAO,,207,428,635,0,635
Akola,,,Balapur,29,,267,6,0,0,6,1,NITIN DESHMUKH BHIKANRAO,,223,588,811,1,812
Akola,,,Balapur,29,,268,2,0,0,2,3,NITIN DESHMUKH BHIKANRAO,,239,728,967,3,970
Akola,,,Balapur,29,,269,0,0,0,0,0,NITIN DESHMUKH BHIKANRAO,,169,553,722,0,722
Akola,,,Balapur,29,,270,0,0,0,0,1,NITIN DESHMUKH BHIKANRAO,,132,554,686,1,687
Akola,,,Balapur,29,,271,0,0,0,0,0,NITIN DESHMUKH BHIKANRAO,,90,725,815,0,815
Akola,,,Balapur,29,,272,0,1,0,1,0,NITIN DESHMUKH BHIKANRAO,,129,693,822,0,822
Akola,,,Balapur,29,,273,0,1,0,1,0,NITIN DESHMUKH BHIKANRAO,,80,606,686,0,686
Akola,,,Balapur,29,,274,0,4,0,4,0,NITIN DESHMUKH BHIKANRAO,,208,585,793,0,793
Akola,,,Balapur,29,,275,1,1,0,2,0,NITIN DESHMUKH BHIKANRAO,,87,674,761,0,761
Akola,,,Balapur,29,,276,3,0,0,3,0,NITIN DESHMUKH BHIKANRAO,,142,564,706,0,706
Akola,,,Balapur,29,,277,0,1,0,1,0,NITIN DESHMUKH BHIKANRAO,,92,648,740,0,740
Akola,,,Balapur,29,,278,3,0,0,3,1,NITIN DESHMUKH BHIKANRAO,,205,750,955,1,956
Akola,,,Balapur,29,,279,0,0,0,0,0,NITIN DESHMUKH BHIKANRAO,,91,719,810,0,810
Akola,,,Balapur,29,,280,1,0,0,1,0,NITIN DESHMUKH BHIKANRAO,,277,565,842,0,842
Akola,,,Balapur,29,,281,3,1,0,4,1,NITIN DESHMUKH BHIKANRAO,,319,771,1090,1,1091
Akola,,,Balapur,29,,282,0,0,0,0,1,NITIN DESHMUKH BHIKANRAO,,108,533,641,1,642
Akola,,,Balapur,29,,283,1,0,0,1,0,NITIN DESHMUKH BHIKANRAO,,158,615,773,0,773
Akola,,,Balapur,29,,284,0,0,0,0,0,NITIN DESHMUKH BHIKANRAO,,165,884,1049,0,1049
Akola,,,Balapur,29,,285,0,3,0,3,1,NITIN DESHMUKH BHIKANRAO,,267,543,810,1,811
Akola,,,Balapur,29,,286,1,0,0,1,4,NITIN DESHMUKH BHIKANRAO,,231,528,759,4,763
Akola,,,Balapur,29,,287,0,0,0,0,1,NITIN DESHMUKH BHIKANRAO,,200,681,881,1,882
Akola,,,Balapur,29,,288,1,0,0,1,1,NITIN DESHMUKH BHIKANRAO,,163,604,767,1,768
Akola,,,Balapur,29,,289,2,0,0,2,0,NITIN DESHMUKH BHIKANRAO,,187,548,735,0,735
Akola,,,Balapur,29,,290,5,1,0,6,1,NITIN DESHMUKH BHIKANRAO,,310,807,1117,1,1118
Akola,,,Balapur,29,,291,0,0,0,0,0,NITIN DESHMUKH BHIKANRAO,,89,664,753,0,753
Akola,,,Balapur,29,,292,1,0,0,1,0,NITIN DESHMUKH BHIKANRAO,,71,524,595,0,595
Akola,,,Balapur,29,,293,1,0,0,1,1,NITIN DESHMUKH BHIKANRAO,,110,767,877,1,878
Akola,,,Balapur,29,,294,0,1,0,1,1,NITIN DESHMUKH BHIKANRAO,,76,628,704,1,705
Akola,,,Balapur,29,,295,0,10,0,10,0,NITIN DESHMUKH BHIKANRAO,,86,915,1001,0,1001
Akola,,,Balapur,29,,296,2,1,0,3,0,NITIN DESHMUKH BHIKANRAO,,86,703,789,0,789
Akola,,,Balapur,29,,297,0,1,0,1,0,NITIN DESHMUKH BHIKANRAO,,109,809,918,0,918
Akola,,,Balapur,29,,298,1,1,0,2,1,NITIN DESHMUKH BHIKANRAO,,581,462,1043,1,1044
Akola,,,Balapur,29,,299,0,0,0,0,1,NITIN DESHMUKH BHIKANRAO,,197,883,1080,1,1081
Akola,,,Balapur,29,,300,1,0,0,1,1,NITIN DESHMUKH BHIKANRAO,,210,510,720,1,721
Akola,,,Balapur,29,,301,1,0,0,1,0,NITIN DESHMUKH BHIKANRAO,,177,420,597,0,597
Akola,,,Balapur,29,,302,2,0,0,2,0,NITIN DESHMUKH BHIKANRAO,,226,707,933,0,933
Akola,,,Balapur,29,,303,0,2,0,2,0,NITIN DESHMUKH BHIKANRAO,,401,382,783,0,783
Akola,,,Balapur,29,,304,0,16,0,16,0,NITIN DESHMUKH BHIKANRAO,,222,819,1041,0,1041
Akola,,,Balapur,29,,305,5,5,0,10,0,NITIN DESHMUKH BHIKANRAO,,142,886,1028,0,1028
Akola,,,Balapur,29,,306,1,19,0,20,0,NITIN DESHMUKH BHIKANRAO,,184,634,818,0,818
Akola,,,Balapur,29,,307,0,5,0,5,0,NITIN DESHMUKH BHIKANRAO,,142,435,577,0,577
Akola,,,Balapur,29,,308,0,5,0,5,1,NITIN DESHMUKH BHIKANRAO,,316,716,1032,1,1033
Akola,,,Balapur,29,,309,1,1,0,2,1,NITIN DESHMUKH BHIKANRAO,,301,837,1138,1,1139
Akola,,,Balapur,29,,310,0,9,0,9,2,NITIN DESHMUKH BHIKANRAO,,206,975,1181,2,1183
Akola,,,Balapur,29,,311,0,2,0,2,2,NITIN DESHMUKH BHIKANRAO,,239,617,856,2,858
Akola,,,Balapur,29,,312,0,0,0,0,0,NITIN DESHMUKH BHIKANRAO,,240,804,1044,0,1044
Akola,,,Balapur,29,,313,3,1,0,4,1,NITIN DESHMUKH BHIKANRAO,,299,722,1021,1,1022
Akola,,,Balapur,29,,314,0,11,0,11,1,NITIN DESHMUKH BHIKANRAO,,271,771,1042,1,1043
Akola,,,Balapur,29,,315,2,0,0,2,2,NITIN DESHMUKH BHIKANRAO,,169,846,1015,2,1017
Akola,,,Balapur,29,,316,0,3,0,3,0,NITIN DESHMUKH BHIKANRAO,,125,776,901,0,901
Akola,,,Balapur,29,,317,0,0,0,0,0,NITIN DESHMUKH BHIKANRAO,,256,797,1053,0,1053
Akola,,,Balapur,29,,318,1,7,0,8,0,NITIN DESHMUKH BHIKANRAO,,208,1053,1261,0,1261
Akola,,,Balapur,29,,319,1,4,0,5,0,NITIN DESHMUKH BHIKANRAO,,154,967,1121,0,1121
Akola,,,Balapur,29,,320,0,1,0,1,1,NITIN DESHMUKH BHIKANRAO,,157,758,915,1,916
Akola,,,Balapur,29,,321,0,1,0,1,1,NITIN DESHMUKH BHIKANRAO,,208,513,721,1,722
Akola,,,Balapur,29,,322,1,8,0,9,0,NITIN DESHMUKH BHIKANRAO,,223,543,766,0,766
Akola,,,Balapur,29,,323,1,3,0,4,0,NITIN DESHMUKH BHIKANRAO,,281,553,834,0,834
Akola,,,Balapur,29,,324,0,0,0,0,0,NITIN DESHMUKH BHIKANRAO,,234,573,807,0,807
Akola,,,Balapur,29,,325,1,21,0,22,0,NITIN DESHMUKH BHIKANRAO,,261,380,641,0,641
Akola,,,Balapur,29,,326,0,2,0,2,1,NITIN DESHMUKH BHIKANRAO,,253,700,953,1,954
Akola,,,Balapur,29,,327,0,2,0,2,0,NITIN DESHMUKH BHIKANRAO,,277,552,829,0,829
Akola,,,Balapur,29,,328,1,5,0,6,0,NITIN DESHMUKH BHIKANRAO,,125,477,602,0,602
Akola,,,Balapur,29,,329,0,0,0,0,0,NITIN DESHMUKH BHIKANRAO,,255,408,663,0,663
Akola,,,Balapur,29,,330,1,0,0,1,0,NITIN DESHMUKH BHIKANRAO,,117,667,784,0,784
Akola,,,Balapur,29,,331,1,4,0,5,0,NITIN DESHMUKH BHIKANRAO,,376,728,1104,0,1104
Akola,,,Balapur,29,,332,0,0,0,0,0,NITIN DESHMUKH BHIKANRAO,,269,561,830,0,830
Akola,,,Balapur,29,,333,1,4,0,5,0,NITIN DESHMUKH BHIKANRAO,,410,617,1027,0,1027
Akola,,,Balapur,29,,334,0,0,0,0,1,NITIN DESHMUKH BHIKANRAO,,182,689,871,1,872
Akola,,,Balapur,29,,335,0,0,0,0,0,NITIN DESHMUKH BHIKANRAO,,141,497,638,0,638
Akola,,,Balapur,29,,336,0,0,0,0,0,NITIN DESHMUKH BHIKANRAO,,129,436,565,0,565
Akola,,,Balapur,29,,337,1,1,0,2,1,NITIN DESHMUKH BHIKANRAO,,410,701,1111,1,1112
Akola,,,Balapur,29,,338,1,0,0,1,0,NITIN DESHMUKH BHIKANRAO,,234,628,862,0,862
Akola,,,Balapur,29,,339,0,1,0,1,1,NITIN DESHMUKH BHIKANRAO,,267,584,851,1,852
Akola,,,Balapur,29,,340,0,0,0,0,0,NITIN DESHMUKH BHIKANRAO,,76,496,572,0,572
Akola,,,Balapur,29,,341,2,3,0,5,0,NITIN DESHMUKH BHIKANRAO,,458,692,1150,0,1150
Akola,,,Balapur,29,,342,1,0,0,1,3,NITIN DESHMUKH BHIKANRAO,,503,619,1122,3,1125
Akola,,,Balapur,29,,343,0,0,0,0,0,NITIN DESHMUKH BHIKANRAO,,283,528,811,0,811
Akola,,,Balapur,29,,344,1,1,0,2,0,NITIN DESHMUKH BHIKANRAO,,252,542,794,0,794
Akola,,,Balapur,29,,345,0,0,0,0,1,NITIN DESHMUKH BHIKANRAO,,186,384,570,1,571
Akola,,,Balapur,29,,346,0,0,0,0,1,NITIN DESHMUKH BHIKANRAO,,374,603,977,1,978
Akola,,,Balapur,29,,347,0,0,0,0,0,NITIN DESHMUKH BHIKANRAO,,207,454,661,0,661
TOTAL,,,,,,,273,1318,0,1591,145,,,80826,193004,273830,145,273975
