District Name,District No,Jilha,Constituency Name,Constituency No,Total No. of Electors,Serial Poll,Total No. Valid Votes,No. of Rejected Votes,NOTA,Total,No. of Tendered Votes,Elected Person Name,Party Name of Elected Person,No. of Valid Votes Cast in Favour of Elected Person,Other Candidate Votes,Total EVM Votes,Total Postal ballot votes,Total Votes Polled
Ahmednagar,,,Kopargaon,219,,1,1,812,0,813,10,NAHTAP AHKDAMAHA AHKBUBHEM,,602,210,812,10,822
Ahmednagar,,,Kopargaon,219,,2,0,714,0,714,1,NAHTAP AHKDAMAHA AHKBUBHEM,,541,175,716,1,717
Ahmednagar,,,Kopargaon,219,,3,9,841,0,850,8,NAHTAP AHKDAMAHA AHKBUBHEM,,717,118,835,8,843
Ahmednagar,,,Kopargaon,219,,4,2,650,0,652,8,NAHTAP AHKDAMAHA AHKBUBHEM,,573,79,652,8,660
Ahmednagar,,,Kopargaon,219,,5,2,630,0,632,6,NAHTAP AHKDAMAHA AHKBUBHEM,,544,89,633,6,639
Ahmednagar,,,Kopargaon,219,,6,1,485,0,486,4,NAHTAP AHKDAMAHA AHKBUBHEM,,454,36,490,4,494
Ahmednagar,,,Kopargaon,219,,7,13,967,0,980,12,NAHTAP AHKDAMAHA AHKBUBHEM,,851,110,961,12,973
Ahmednagar,,,Kopargaon,219,,8,5,1048,0,1053,5,NAHTAP AHKDAMAHA AHKBUBHEM,,944,107,1051,5,1056
Ahmednagar,,,Kopargaon,219,,9,10,1061,0,1071,8,NAHTAP AHKDAMAHA AHKBUBHEM,,945,115,1060,8,1068
Ahmednagar,,,Kopargaon,219,,10,5,973,0,978,9,NAHTAP AHKDAMAHA AHKBUBHEM,,849,129,978,9,987
Ahmednagar,,,Kopargaon,219,,11,5,1032,0,1037,5,NAHTAP AHKDAMAHA AHKBUBHEM,,872,166,1038,5,1043
Ahmednagar,,,Kopargaon,219,,12,3,861,0,864,2,NAHTAP AHKDAMAHA AHKBUBHEM,,681,189,870,2,872
Ahmednagar,,,Kopargaon,219,,13,4,831,0,835,11,NAHTAP AHKDAMAHA AHKBUBHEM,,694,146,840,11,851
Ahmednagar,,,Kopargaon,219,,14,2,754,0,756,6,NAHTAP AHKDAMAHA AHKBUBHEM,,586,180,766,6,772
Ahmednagar,,,Kopargaon,219,,15,3,930,0,933,17,NAHTAP AHKDAMAHA AHKBUBHEM,,709,233,942,17,959
Ahmednagar,,,Kopargaon,219,,16,1,766,0,767,2,NAHTAP AHKDAMAHA AHKBUBHEM,,633,148,781,2,783
Ahmednagar,,,Kopargaon,219,,17,2,789,0,791,3,NAHTAP AHKDAMAHA AHKBUBHEM,,645,159,804,3,807
Ahmednagar,,,Kopargaon,219,,18,0,689,0,689,9,NAHTAP AHKDAMAHA AHKBUBHEM,,591,116,707,9,716
Ahmednagar,,,Kopargaon,219,,19,4,939,0,943,8,NAHTAP AHKDAMAHA AHKBUBHEM,,565,389,954,8,962
Ahmednagar,,,Kopargaon,219,,20,1,850,0,851,6,NAHTAP AHKDAMAHA AHKBUBHEM,,709,160,869,6,875
Ahmednagar,,,Kopargaon,219,,21,5,737,0,742,7,NAHTAP AHKDAMAHA AHKBUBHEM,,558,195,753,7,760
Ahmednagar,,,Kopargaon,219,,22,2,592,0,594,9,NAHTAP AHKDAMAHA AHKBUBHEM,,452,160,612,9,621
Ahmednagar,,,Kopargaon,219,,23,0,870,0,870,2,NAHTAP AHKDAMAHA AHKBUBHEM,,800,93,893,2,895
Ahmednagar,,,Kopargaon,219,,24,5,960,0,965,0,NAHTAP AHKDAMAHA AHKBUBHEM,,852,127,979,0,979
Ahmednagar,,,Kopargaon,219,,25,1,599,0,600,4,NAHTAP AHKDAMAHA AHKBUBHEM,,496,127,623,4,627
Ahmednagar,,,Kopargaon,219,,26,2,665,0,667,9,NAHTAP AHKDAMAHA AHKBUBHEM,,528,161,689,9,698
Ahmednagar,,,Kopargaon,219,,27,7,1002,0,1009,14,NAHTAP AHKDAMAHA AHKBUBHEM,,739,283,1022,14,1036
Ahmednagar,,,Kopargaon,219,,28,1,1042,0,1043,6,NAHTAP AHKDAMAHA AHKBUBHEM,,805,264,1069,6,1075
Ahmednagar,,,Kopargaon,219,,29,9,798,0,807,10,NAHTAP AHKDAMAHA AHKBUBHEM,,629,189,818,10,828
Ahmednagar,,,Kopargaon,219,,30,7,855,0,862,6,NAHTAP AHKDAMAHA AHKBUBHEM,,712,166,878,6,884
Ahmednagar,,,Kopargaon,219,,31,5,923,0,928,11,NAHTAP AHKDAMAHA AHKBUBHEM,,774,175,949,11,960
Ahmednagar,,,Kopargaon,219,,32,0,484,0,484,1,NAHTAP AHKDAMAHA AHKBUBHEM,,424,92,516,1,517
Ahmednagar,,,Kopargaon,219,,33,7,619,0,626,7,NAHTAP AHKDAMAHA AHKBUBHEM,,413,232,645,7,652
Ahmednagar,,,Kopargaon,219,,34,3,516,0,519,4,NAHTAP AHKDAMAHA AHKBUBHEM,,358,189,547,4,551
Ahmednagar,,,Kopargaon,219,,35,4,261,0,265,2,NAHTAP AHKDAMAHA AHKBUBHEM,,238,54,292,2,294
Ahmednagar,,,Kopargaon,219,,36,4,441,0,445,7,NAHTAP AHKDAMAHA AHKBUBHEM,,384,89,473,7,480
Ahmednagar,,,Kopargaon,219,,37,2,655,0,657,5,NAHTAP AHKDAMAHA AHKBUBHEM,,496,194,690,5,695
Ahmednagar,,,Kopargaon,219,,38,0,698,0,698,1,NAHTAP AHKDAMAHA AHKBUBHEM,,543,193,736,1,737
Ahmednagar,,,Kopargaon,219,,39,1,816,0,817,5,NAHTAP AHKDAMAHA AHKBUBHEM,,689,165,854,5,859
Ahmednagar,,,Kopargaon,219,,40,2,980,0,982,3,NAHTAP AHKDAMAHA AHKBUBHEM,,833,185,1018,3,1021
Ahmednagar,,,Kopargaon,219,,41,2,783,0,785,1,NAHTAP AHKDAMAHA AHKBUBHEM,,740,82,822,1,823
Ahmednagar,,,Kopargaon,219,,42,8,793,0,801,11,NAHTAP AHKDAMAHA AHKBUBHEM,,647,180,827,11,838
Ahmednagar,,,Kopargaon,219,,43,11,943,0,954,5,NAHTAP AHKDAMAHA AHKBUBHEM,,834,141,975,5,980
Ahmednagar,,,Kopargaon,219,,44,14,953,0,967,4,NAHTAP AHKDAMAHA AHKBUBHEM,,717,266,983,4,987
Ahmednagar,,,Kopargaon,219,,45,9,869,0,878,15,NAHTAP AHKDAMAHA AHKBUBHEM,,665,240,905,15,920
Ahmednagar,,,Kopargaon,219,,46,6,916,0,922,10,NAHTAP AHKDAMAHA AHKBUBHEM,,675,281,956,10,966
Ahmednagar,,,Kopargaon,219,,47,3,888,0,891,13,NAHTAP AHKDAMAHA AHKBUBHEM,,700,232,932,13,945
Ahmednagar,,,Kopargaon,219,,48,4,803,0,807,3,NAHTAP AHKDAMAHA AHKBUBHEM,,652,195,847,3,850
Ahmednagar,,,Kopargaon,219,,49,3,918,0,921,3,NAHTAP AHKDAMAHA AHKBUBHEM,,765,199,964,3,967
Ahmednagar,,,Kopargaon,219,,50,4,830,0,834,8,NAHTAP AHKDAMAHA AHKBUBHEM,,724,152,876,8,884
Ahmednagar,,,Kopargaon,219,,51,5,671,0,676,14,NAHTAP AHKDAMAHA AHKBUBHEM,,574,143,717,14,731
Ahmednagar,,,Kopargaon,219,,52,10,709,0,719,5,NAHTAP AHKDAMAHA AHKBUBHEM,,566,185,751,5,756
Ahmednagar,,,Kopargaon,219,,53,5,814,0,819,6,NAHTAP AHKDAMAHA AHKBUBHEM,,679,183,862,6,868
Ahmednagar,,,Kopargaon,219,,54,7,933,0,940,5,NAHTAP AHKDAMAHA AHKBUBHEM,,781,199,980,5,985
Ahmednagar,,,Kopargaon,219,,55,3,797,0,800,7,NAHTAP AHKDAMAHA AHKBUBHEM,,584,265,849,7,856
Ahmednagar,,,Kopargaon,219,,56,2,972,0,974,8,NAHTAP AHKDAMAHA AHKBUBHEM,,636,390,1026,8,1034
Ahmednagar,,,Kopargaon,219,,57,2,1058,0,1060,9,NAHTAP AHKDAMAHA AHKBUBHEM,,887,226,1113,9,1122
Ahmednagar,,,Kopargaon,219,,58,0,711,0,711,0,NAHTAP AHKDAMAHA AHKBUBHEM,,611,158,769,0,769
Ahmednagar,,,Kopargaon,219,,59,0,468,0,468,6,NAHTAP AHKDAMAHA AHKBUBHEM,,342,185,527,6,533
Ahmednagar,,,Kopargaon,219,,60,7,875,0,882,10,NAHTAP AHKDAMAHA AHKBUBHEM,,655,273,928,10,938
Ahmednagar,,,Kopargaon,219,,61,0,716,0,716,4,NAHTAP AHKDAMAHA AHKBUBHEM,,567,210,777,4,781
Ahmednagar,,,Kopargaon,219,,62,1,1123,0,1124,3,NAHTAP AHKDAMAHA AHKBUBHEM,,919,265,1184,3,1187
Ahmednagar,,,Kopargaon,219,,63,0,339,0,339,1,NAHTAP AHKDAMAHA AHKBUBHEM,,274,128,402,1,403
Ahmednagar,,,Kopargaon,219,,64,9,679,0,688,2,NAHTAP AHKDAMAHA AHKBUBHEM,,519,215,734,2,736
Ahmednagar,,,Kopargaon,219,,65,4,586,0,590,6,NAHTAP AHKDAMAHA AHKBUBHEM,,419,228,647,6,653
Ahmednagar,,,Kopargaon,219,,66,2,637,0,639,6,NAHTAP AHKDAMAHA AHKBUBHEM,,558,143,701,6,707
Ahmednagar,,,Kopargaon,219,,67,3,681,0,684,6,NAHTAP AHKDAMAHA AHKBUBHEM,,558,187,745,6,751
Ahmednagar,,,Kopargaon,219,,68,6,792,0,798,10,NAHTAP AHKDAMAHA AHKBUBHEM,,618,236,854,10,864
Ahmednagar,,,Kopargaon,219,,69,5,912,0,917,5,NAHTAP AHKDAMAHA AHKBUBHEM,,781,195,976,5,981
Ahmednagar,,,Kopargaon,219,,70,4,992,0,996,7,NAHTAP AHKDAMAHA AHKBUBHEM,,807,251,1058,7,1065
Ahmednagar,,,Kopargaon,219,,71,4,900,0,904,9,NAHTAP AHKDAMAHA AHKBUBHEM,,688,279,967,9,976
Ahmednagar,,,Kopargaon,219,,72,5,638,0,643,5,NAHTAP AHKDAMAHA AHKBUBHEM,,533,172,705,5,710
Ahmednagar,,,Kopargaon,219,,73,10,808,0,818,15,NAHTAP AHKDAMAHA AHKBUBHEM,,666,205,871,15,886
Ahmednagar,,,Kopargaon,219,,74,1,617,0,618,6,NAHTAP AHKDAMAHA AHKBUBHEM,,561,129,690,6,696
Ahmednagar,,,Kopargaon,219,,75,27,840,0,867,6,NAHTAP AHKDAMAHA AHKBUBHEM,,661,227,888,6,894
Ahmednagar,,,Kopargaon,219,,76,6,671,0,677,3,NAHTAP AHKDAMAHA AHKBUBHEM,,590,151,741,3,744
Ahmednagar,,,Kopargaon,219,,77,3,423,0,426,5,NAHTAP AHKDAMAHA AHKBUBHEM,,344,153,497,5,502
Ahmednagar,,,Kopargaon,219,,78,4,824,0,828,10,NAHTAP AHKDAMAHA AHKBUBHEM,,675,223,898,10,908
Ahmednagar,,,Kopargaon,219,,79,6,487,0,493,4,NAHTAP AHKDAMAHA AHKBUBHEM,,347,213,560,4,564
Ahmednagar,,,Kopargaon,219,,80,16,705,0,721,4,NAHTAP AHKDAMAHA AHKBUBHEM,,553,216,769,4,773
Ahmednagar,,,Kopargaon,219,,81,18,832,0,850,11,NAHTAP AHKDAMAHA AHKBUBHEM,,644,251,895,11,906
Ahmednagar,,,Kopargaon,219,,82,4,833,0,837,10,NAHTAP AHKDAMAHA AHKBUBHEM,,757,154,911,10,921
Ahmednagar,,,Kopargaon,219,,83,3,707,0,710,6,NAHTAP AHKDAMAHA AHKBUBHEM,,606,181,787,6,793
Ahmednagar,,,Kopargaon,219,,84,4,880,0,884,6,NAHTAP AHKDAMAHA AHKBUBHEM,,800,160,960,6,966
Ahmednagar,,,Kopargaon,219,,85,2,628,0,630,7,NAHTAP AHKDAMAHA AHKBUBHEM,,540,171,711,7,718
Ahmednagar,,,Kopargaon,219,,86,4,765,0,769,18,NAHTAP AHKDAMAHA AHKBUBHEM,,643,204,847,18,865
Ahmednagar,,,Kopargaon,219,,87,2,352,0,354,5,NAHTAP AHKDAMAHA AHKBUBHEM,,301,136,437,5,442
Ahmednagar,,,Kopargaon,219,,88,12,555,0,567,9,NAHTAP AHKDAMAHA AHKBUBHEM,,459,172,631,9,640
Ahmednagar,,,Kopargaon,219,,89,7,550,0,557,12,NAHTAP AHKDAMAHA AHKBUBHEM,,445,187,632,12,644
Ahmednagar,,,Kopargaon,219,,90,12,601,0,613,6,NAHTAP AHKDAMAHA AHKBUBHEM,,517,162,679,6,685
Ahmednagar,,,Kopargaon,219,,91,0,545,0,545,4,NAHTAP AHKDAMAHA AHKBUBHEM,,457,179,636,4,640
Ahmednagar,,,Kopargaon,219,,92,9,671,0,680,3,NAHTAP AHKDAMAHA AHKBUBHEM,,514,240,754,3,757
Ahmednagar,,,Kopargaon,219,,93,8,459,0,467,3,NAHTAP AHKDAMAHA AHKBUBHEM,,366,178,544,3,547
Ahmednagar,,,Kopargaon,219,,94,5,875,0,880,13,NAHTAP AHKDAMAHA AHKBUBHEM,,757,207,964,13,977
Ahmednagar,,,Kopargaon,219,,95,1,496,0,497,11,NAHTAP AHKDAMAHA AHKBUBHEM,,409,181,590,11,601
Ahmednagar,,,Kopargaon,219,,96,2,616,0,618,7,NAHTAP AHKDAMAHA AHKBUBHEM,,465,245,710,7,717
Ahmednagar,,,Kopargaon,219,,97,20,660,0,680,12,NAHTAP AHKDAMAHA AHKBUBHEM,,540,197,737,12,749
Ahmednagar,,,Kopargaon,219,,98,4,748,0,752,8,NAHTAP AHKDAMAHA AHKBUBHEM,,457,385,842,8,850
Ahmednagar,,,Kopargaon,219,,99,2,553,0,555,6,NAHTAP AHKDAMAHA AHKBUBHEM,,341,309,650,6,656
Ahmednagar,,,Kopargaon,219,,100,8,838,0,846,10,NAHTAP AHKDAMAHA AHKBUBHEM,,587,343,930,10,940
Ahmednagar,,,Kopargaon,219,,101,5,600,0,605,3,NAHTAP AHKDAMAHA AHKBUBHEM,,407,289,696,3,699
Ahmednagar,,,Kopargaon,219,,102,2,603,0,605,2,NAHTAP AHKDAMAHA AHKBUBHEM,,417,286,703,2,705
Ahmednagar,,,Kopargaon,219,,103,23,727,0,750,3,NAHTAP AHKDAMAHA AHKBUBHEM,,580,227,807,3,810
Ahmednagar,,,Kopargaon,219,,104,12,652,0,664,11,NAHTAP AHKDAMAHA AHKBUBHEM,,525,219,744,11,755
Ahmednagar,,,Kopargaon,219,,105,2,740,0,742,10,NAHTAP AHKDAMAHA AHKBUBHEM,,423,420,843,10,853
Ahmednagar,,,Kopargaon,219,,106,3,729,0,732,3,NAHTAP AHKDAMAHA AHKBUBHEM,,384,448,832,3,835
Ahmednagar,,,Kopargaon,219,,107,2,731,0,733,6,NAHTAP AHKDAMAHA AHKBUBHEM,,466,370,836,6,842
Ahmednagar,,,Kopargaon,219,,108,1,778,0,779,6,NAHTAP AHKDAMAHA AHKBUBHEM,,388,497,885,6,891
Ahmednagar,,,Kopargaon,219,,109,22,838,0,860,6,NAHTAP AHKDAMAHA AHKBUBHEM,,693,232,925,6,931
Ahmednagar,,,Kopargaon,219,,110,10,805,0,815,6,NAHTAP AHKDAMAHA AHKBUBHEM,,656,249,905,6,911
Ahmednagar,,,Kopargaon,219,,111,7,609,0,616,8,NAHTAP AHKDAMAHA AHKBUBHEM,,448,265,713,8,721
Ahmednagar,,,Kopargaon,219,,112,3,736,0,739,4,NAHTAP AHKDAMAHA AHKBUBHEM,,433,412,845,4,849
Ahmednagar,,,Kopargaon,219,,113,3,981,0,984,13,NAHTAP AHKDAMAHA AHKBUBHEM,,771,320,1091,13,1104
Ahmednagar,,,Kopargaon,219,,114,6,713,0,719,8,NAHTAP AHKDAMAHA AHKBUBHEM,,463,358,821,8,829
Ahmednagar,,,Kopargaon,219,,115,1,714,0,715,11,NAHTAP AHKDAMAHA AHKBUBHEM,,542,286,828,11,839
Ahmednagar,,,Kopargaon,219,,116,31,863,0,894,9,NAHTAP AHKDAMAHA AHKBUBHEM,,726,222,948,9,957
Ahmednagar,,,Kopargaon,219,,117,11,658,0,669,3,NAHTAP AHKDAMAHA AHKBUBHEM,,553,211,764,3,767
Ahmednagar,,,Kopargaon,219,,118,0,566,0,566,6,NAHTAP AHKDAMAHA AHKBUBHEM,,378,306,684,6,690
Ahmednagar,,,Kopargaon,219,,119,2,499,0,501,3,NAHTAP AHKDAMAHA AHKBUBHEM,,385,231,616,3,619
Ahmednagar,,,Kopargaon,219,,120,4,504,0,508,1,NAHTAP AHKDAMAHA AHKBUBHEM,,368,252,620,1,621
Ahmednagar,,,Kopargaon,219,,121,3,586,0,589,4,NAHTAP AHKDAMAHA AHKBUBHEM,,499,205,704,4,708
Ahmednagar,,,Kopargaon,219,,122,10,566,0,576,7,NAHTAP AHKDAMAHA AHKBUBHEM,,482,196,678,7,685
Ahmednagar,,,Kopargaon,219,,123,5,445,0,450,4,NAHTAP AHKDAMAHA AHKBUBHEM,,291,272,563,4,567
Ahmednagar,,,Kopargaon,219,,124,2,750,0,752,1,NAHTAP AHKDAMAHA AHKBUBHEM,,335,537,872,1,873
Ahmednagar,,,Kopargaon,219,,125,2,379,0,381,4,NAHTAP AHKDAMAHA AHKBUBHEM,,303,199,502,4,506
Ahmednagar,,,Kopargaon,219,,126,1,483,0,484,4,NAHTAP AHKDAMAHA AHKBUBHEM,,343,265,608,4,612
Ahmednagar,,,Kopargaon,219,,127,7,422,0,429,0,NAHTAP AHKDAMAHA AHKBUBHEM,,353,189,542,0,542
Ahmednagar,,,Kopargaon,219,,128,3,529,0,532,2,NAHTAP AHKDAMAHA AHKBUBHEM,,324,330,654,2,656
Ahmednagar,,,Kopargaon,219,,129,6,640,0,646,1,NAHTAP AHKDAMAHA AHKBUBHEM,,527,236,763,1,764
Ahmednagar,,,Kopargaon,219,,130,0,788,0,788,6,NAHTAP AHKDAMAHA AHKBUBHEM,,513,405,918,6,924
Ahmednagar,,,Kopargaon,219,,131,7,549,0,556,1,NAHTAP AHKDAMAHA AHKBUBHEM,,474,199,673,1,674
Ahmednagar,,,Kopargaon,219,,132,4,698,0,702,9,NAHTAP AHKDAMAHA AHKBUBHEM,,435,391,826,9,835
Ahmednagar,,,Kopargaon,219,,133,2,581,0,583,3,NAHTAP AHKDAMAHA AHKBUBHEM,,371,341,712,3,715
Ahmednagar,,,Kopargaon,219,,134,3,805,0,808,6,NAHTAP AHKDAMAHA AHKBUBHEM,,447,489,936,6,942
Ahmednagar,,,Kopargaon,219,,135,0,557,0,557,5,NAHTAP AHKDAMAHA AHKBUBHEM,,247,445,692,5,697
Ahmednagar,,,Kopargaon,219,,136,4,473,0,477,3,NAHTAP AHKDAMAHA AHKBUBHEM,,360,245,605,3,608
Ahmednagar,,,Kopargaon,219,,137,12,1036,0,1048,12,NAHTAP AHKDAMAHA AHKBUBHEM,,734,427,1161,12,1173
Ahmednagar,,,Kopargaon,219,,138,18,572,0,590,4,NAHTAP AHKDAMAHA AHKBUBHEM,,467,225,692,4,696
Ahmednagar,,,Kopargaon,219,,139,8,712,0,720,2,NAHTAP AHKDAMAHA AHKBUBHEM,,573,270,843,2,845
Ahmednagar,,,Kopargaon,219,,140,4,934,0,938,8,NAHTAP AHKDAMAHA AHKBUBHEM,,641,429,1070,8,1078
Ahmednagar,,,Kopargaon,219,,141,3,604,0,607,9,NAHTAP AHKDAMAHA AHKBUBHEM,,474,268,742,9,751
Ahmednagar,,,Kopargaon,219,,142,4,372,0,376,1,NAHTAP AHKDAMAHA AHKBUBHEM,,273,237,510,1,511
Ahmednagar,,,Kopargaon,219,,143,5,530,0,535,4,NAHTAP AHKDAMAHA AHKBUBHEM,,392,276,668,4,672
Ahmednagar,,,Kopargaon,219,,144,2,553,0,555,2,NAHTAP AHKDAMAHA AHKBUBHEM,,366,329,695,2,697
Ahmednagar,,,Kopargaon,219,,145,2,582,0,584,6,NAHTAP AHKDAMAHA AHKBUBHEM,,395,330,725,6,731
Ahmednagar,,,Kopargaon,219,,146,2,655,0,657,4,NAHTAP AHKDAMAHA AHKBUBHEM,,511,288,799,4,803
Ahmednagar,,,Kopargaon,219,,147,15,840,0,855,9,NAHTAP AHKDAMAHA AHKBUBHEM,,579,393,972,9,981
Ahmednagar,,,Kopargaon,219,,148,8,858,0,866,7,NAHTAP AHKDAMAHA AHKBUBHEM,,713,285,998,7,1005
Ahmednagar,,,Kopargaon,219,,149,18,776,0,794,7,NAHTAP AHKDAMAHA AHKBUBHEM,,634,273,907,7,914
Ahmednagar,,,Kopargaon,219,,150,12,811,0,823,12,NAHTAP AHKDAMAHA AHKBUBHEM,,641,308,949,12,961
Ahmednagar,,,Kopargaon,219,,151,7,839,0,846,6,NAHTAP AHKDAMAHA AHKBUBHEM,,703,280,983,6,989
Ahmednagar,,,Kopargaon,219,,152,6,811,0,817,5,NAHTAP AHKDAMAHA AHKBUBHEM,,666,291,957,5,962
Ahmednagar,,,Kopargaon,219,,153,10,648,0,658,9,NAHTAP AHKDAMAHA AHKBUBHEM,,516,275,791,9,800
Ahmednagar,,,Kopargaon,219,,154,5,990,0,995,4,NAHTAP AHKDAMAHA AHKBUBHEM,,855,284,1139,4,1143
Ahmednagar,,,Kopargaon,219,,155,1,1037,0,1038,10,NAHTAP AHKDAMAHA AHKBUBHEM,,854,337,1191,10,1201
Ahmednagar,,,Kopargaon,219,,156,2,725,0,727,8,NAHTAP AHKDAMAHA AHKBUBHEM,,598,281,879,8,887
Ahmednagar,,,Kopargaon,219,,157,6,1136,0,1142,8,NAHTAP AHKDAMAHA AHKBUBHEM,,899,388,1287,8,1295
Ahmednagar,,,Kopargaon,219,,158,3,1035,0,1038,3,NAHTAP AHKDAMAHA AHKBUBHEM,,819,371,1190,3,1193
Ahmednagar,,,Kopargaon,219,,159,10,931,0,941,11,NAHTAP AHKDAMAHA AHKBUBHEM,,787,293,1080,11,1091
Ahmednagar,,,Kopargaon,219,,160,5,954,0,959,5,NAHTAP AHKDAMAHA AHKBUBHEM,,806,303,1109,5,1114
Ahmednagar,,,Kopargaon,219,,161,6,855,0,861,5,NAHTAP AHKDAMAHA AHKBUBHEM,,758,252,1010,5,1015
Ahmednagar,,,Kopargaon,219,,162,4,966,0,970,8,NAHTAP AHKDAMAHA AHKBUBHEM,,831,293,1124,8,1132
Ahmednagar,,,Kopargaon,219,,163,12,963,0,975,9,NAHTAP AHKDAMAHA AHKBUBHEM,,707,407,1114,9,1123
Ahmednagar,,,Kopargaon,219,,164,4,848,0,852,8,NAHTAP AHKDAMAHA AHKBUBHEM,,674,334,1008,8,1016
Ahmednagar,,,Kopargaon,219,,165,5,885,0,890,5,NAHTAP AHKDAMAHA AHKBUBHEM,,745,300,1045,5,1050
Ahmednagar,,,Kopargaon,219,,166,7,691,0,698,2,NAHTAP AHKDAMAHA AHKBUBHEM,,503,347,850,2,852
Ahmednagar,,,Kopargaon,219,,167,5,750,0,755,7,NAHTAP AHKDAMAHA AHKBUBHEM,,589,323,912,7,919
Ahmednagar,,,Kopargaon,219,,168,6,813,0,819,9,NAHTAP AHKDAMAHA AHKBUBHEM,,666,309,975,9,984
Ahmednagar,,,Kopargaon,219,,169,6,903,0,909,11,NAHTAP AHKDAMAHA AHKBUBHEM,,784,282,1066,11,1077
Ahmednagar,,,Kopargaon,219,,170,0,563,0,563,1,NAHTAP AHKDAMAHA AHKBUBHEM,,448,285,733,1,734
Ahmednagar,,,Kopargaon,219,,171,1,921,0,922,5,NAHTAP AHKDAMAHA AHKBUBHEM,,757,334,1091,5,1096
Ahmednagar,,,Kopargaon,219,,172,1,907,0,908,5,NAHTAP AHKDAMAHA AHKBUBHEM,,710,368,1078,5,1083
Ahmednagar,,,Kopargaon,219,,173,3,717,0,720,5,NAHTAP AHKDAMAHA AHKBUBHEM,,595,292,887,5,892
Ahmednagar,,,Kopargaon,219,,174,3,527,0,530,0,NAHTAP AHKDAMAHA AHKBUBHEM,,464,234,698,0,698
Ahmednagar,,,Kopargaon,219,,175,0,859,0,859,3,NAHTAP AHKDAMAHA AHKBUBHEM,,685,349,1034,3,1037
Ahmednagar,,,Kopargaon,219,,176,0,671,0,671,3,NAHTAP AHKDAMAHA AHKBUBHEM,,539,308,847,3,850
Ahmednagar,,,Kopargaon,219,,177,3,719,0,722,4,NAHTAP AHKDAMAHA AHKBUBHEM,,618,275,893,4,897
Ahmednagar,,,Kopargaon,219,,178,3,804,0,807,9,NAHTAP AHKDAMAHA AHKBUBHEM,,637,342,979,9,988
Ahmednagar,,,Kopargaon,219,,179,12,748,0,760,8,NAHTAP AHKDAMAHA AHKBUBHEM,,628,287,915,8,923
Ahmednagar,,,Kopargaon,219,,180,4,691,0,695,9,NAHTAP AHKDAMAHA AHKBUBHEM,,519,348,867,9,876
Ahmednagar,,,Kopargaon,219,,181,5,711,0,716,7,NAHTAP AHKDAMAHA AHKBUBHEM,,529,358,887,7,894
Ahmednagar,,,Kopargaon,219,,182,1,821,0,822,10,NAHTAP AHKDAMAHA AHKBUBHEM,,710,292,1002,10,1012
Ahmednagar,,,Kopargaon,219,,183,10,841,0,851,6,NAHTAP AHKDAMAHA AHKBUBHEM,,719,295,1014,6,1020
Ahmednagar,,,Kopargaon,219,,184,7,914,0,921,6,NAHTAP AHKDAMAHA AHKBUBHEM,,758,333,1091,6,1097
Ahmednagar,,,Kopargaon,219,,185,0,632,0,632,2,NAHTAP AHKDAMAHA AHKBUBHEM,,518,299,817,2,819
Ahmednagar,,,Kopargaon,219,,186,2,960,0,962,10,NAHTAP AHKDAMAHA AHKBUBHEM,,833,311,1144,10,1154
Ahmednagar,,,Kopargaon,219,,187,5,944,0,949,10,NAHTAP AHKDAMAHA AHKBUBHEM,,867,259,1126,10,1136
Ahmednagar,,,Kopargaon,219,,188,3,779,0,782,1,NAHTAP AHKDAMAHA AHKBUBHEM,,717,247,964,1,965
Ahmednagar,,,Kopargaon,219,,189,2,730,0,732,4,NAHTAP AHKDAMAHA AHKBUBHEM,,647,270,917,4,921
Ahmednagar,,,Kopargaon,219,,190,3,986,0,989,11,NAHTAP AHKDAMAHA AHKBUBHEM,,688,485,1173,11,1184
Ahmednagar,,,Kopargaon,219,,191,8,854,0,862,9,NAHTAP AHKDAMAHA AHKBUBHEM,,726,311,1037,9,1046
Ahmednagar,,,Kopargaon,219,,192,3,1100,0,1103,0,NAHTAP AHKDAMAHA AHKBUBHEM,,944,345,1289,0,1289
Ahmednagar,,,Kopargaon,219,,193,2,815,0,817,4,NAHTAP AHKDAMAHA AHKBUBHEM,,605,401,1006,4,1010
Ahmednagar,,,Kopargaon,219,,194,2,728,0,730,3,NAHTAP AHKDAMAHA AHKBUBHEM,,594,326,920,3,923
Ahmednagar,,,Kopargaon,219,,195,1,791,0,792,2,NAHTAP AHKDAMAHA AHKBUBHEM,,704,281,985,2,987
Ahmednagar,,,Kopargaon,219,,196,2,919,0,921,1,NAHTAP AHKDAMAHA AHKBUBHEM,,781,332,1113,1,1114
Ahmednagar,,,Kopargaon,219,,197,1,667,0,668,7,NAHTAP AHKDAMAHA AHKBUBHEM,,555,308,863,7,870
Ahmednagar,,,Kopargaon,219,,198,1,744,0,745,3,NAHTAP AHKDAMAHA AHKBUBHEM,,610,331,941,3,944
Ahmednagar,,,Kopargaon,219,,199,2,660,0,662,6,NAHTAP AHKDAMAHA AHKBUBHEM,,533,324,857,6,863
Ahmednagar,,,Kopargaon,219,,200,1,764,0,765,12,NAHTAP AHKDAMAHA AHKBUBHEM,,660,303,963,12,975
Ahmednagar,,,Kopargaon,219,,201,3,766,0,769,2,NAHTAP AHKDAMAHA AHKBUBHEM,,657,307,964,2,966
Ahmednagar,,,Kopargaon,219,,202,1,638,0,639,8,NAHTAP AHKDAMAHA AHKBUBHEM,,529,310,839,8,847
Ahmednagar,,,Kopargaon,219,,203,1,892,0,893,14,NAHTAP AHKDAMAHA AHKBUBHEM,,740,354,1094,14,1108
Ahmednagar,,,Kopargaon,219,,204,0,686,0,686,5,NAHTAP AHKDAMAHA AHKBUBHEM,,578,312,890,5,895
Ahmednagar,,,Kopargaon,219,,205,2,716,0,718,12,NAHTAP AHKDAMAHA AHKBUBHEM,,619,300,919,12,931
Ahmednagar,,,Kopargaon,219,,206,1,984,0,985,5,NAHTAP AHKDAMAHA AHKBUBHEM,,815,374,1189,5,1194
Ahmednagar,,,Kopargaon,219,,207,3,709,0,712,2,NAHTAP AHKDAMAHA AHKBUBHEM,,636,277,913,2,915
Ahmednagar,,,Kopargaon,219,,208,1,711,0,712,3,NAHTAP AHKDAMAHA AHKBUBHEM,,477,441,918,3,921
Ahmednagar,,,Kopargaon,219,,209,4,960,0,964,9,NAHTAP AHKDAMAHA AHKBUBHEM,,695,470,1165,9,1174
Ahmednagar,,,Kopargaon,219,,210,4,960,0,964,5,NAHTAP AHKDAMAHA AHKBUBHEM,,681,485,1166,5,1171
Ahmednagar,,,Kopargaon,219,,211,4,898,0,902,15,NAHTAP AHKDAMAHA AHKBUBHEM,,733,372,1105,15,1120
Ahmednagar,,,Kopargaon,219,,212,9,979,0,988,13,NAHTAP AHKDAMAHA AHKBUBHEM,,644,538,1182,13,1195
Ahmednagar,,,Kopargaon,219,,213,1,668,0,669,4,NAHTAP AHKDAMAHA AHKBUBHEM,,499,381,880,4,884
Ahmednagar,,,Kopargaon,219,,214,4,673,0,677,7,NAHTAP AHKDAMAHA AHKBUBHEM,,524,359,883,7,890
Ahmednagar,,,Kopargaon,219,,215,0,588,0,588,10,NAHTAP AHKDAMAHA AHKBUBHEM,,505,298,803,10,813
Ahmednagar,,,Kopargaon,219,,216,4,727,0,731,5,NAHTAP AHKDAMAHA AHKBUBHEM,,536,403,939,5,944
Ahmednagar,,,Kopargaon,219,,217,0,728,0,728,4,NAHTAP AHKDAMAHA AHKBUBHEM,,535,410,945,4,949
Ahmednagar,,,Kopargaon,219,,218,6,753,0,759,5,NAHTAP AHKDAMAHA AHKBUBHEM,,576,389,965,5,970
Ahmednagar,,,Kopargaon,219,,219,1,755,0,756,4,NAHTAP AHKDAMAHA AHKBUBHEM,,615,358,973,4,977
Ahmednagar,,,Kopargaon,219,,220,6,810,0,816,5,NAHTAP AHKDAMAHA AHKBUBHEM,,548,476,1024,5,1029
Ahmednagar,,,Kopargaon,219,,221,4,797,0,801,7,NAHTAP AHKDAMAHA AHKBUBHEM,,617,397,1014,7,1021
Ahmednagar,,,Kopargaon,219,,222,2,812,0,814,7,NAHTAP AHKDAMAHA AHKBUBHEM,,556,476,1032,7,1039
Ahmednagar,,,Kopargaon,219,,223,2,1039,0,1041,5,NAHTAP AHKDAMAHA AHKBUBHEM,,795,465,1260,5,1265
Ahmednagar,,,Kopargaon,219,,224,3,961,0,964,13,NAHTAP AHKDAMAHA AHKBUBHEM,,737,445,1182,13,1195
Ahmednagar,,,Kopargaon,219,,225,5,988,0,993,14,NAHTAP AHKDAMAHA AHKBUBHEM,,721,487,1208,14,1222
Ahmednagar,,,Kopargaon,219,,226,0,512,0,512,3,NAHTAP AHKDAMAHA AHKBUBHEM,,386,352,738,3,741
Ahmednagar,,,Kopargaon,219,,227,0,602,0,602,3,NAHTAP AHKDAMAHA AHKBUBHEM,,436,393,829,3,832
Ahmednagar,,,Kopargaon,219,,228,3,765,0,768,5,NAHTAP AHKDAMAHA AHKBUBHEM,,656,334,990,5,995
Ahmednagar,,,Kopargaon,219,,229,1,798,0,799,7,NAHTAP AHKDAMAHA AHKBUBHEM,,645,381,1026,7,1033
Ahmednagar,,,Kopargaon,219,,230,0,737,0,737,4,NAHTAP AHKDAMAHA AHKBUBHEM,,667,300,967,4,971
Ahmednagar,,,Kopargaon,219,,231,3,702,0,705,4,NAHTAP AHKDAMAHA AHKBUBHEM,,539,391,930,4,934
Ahmednagar,,,Kopargaon,219,,232,2,734,0,736,3,NAHTAP AHKDAMAHA AHKBUBHEM,,433,531,964,3,967
Ahmednagar,,,Kopargaon,219,,233,1,557,0,558,5,NAHTAP AHKDAMAHA AHKBUBHEM,,394,395,789,5,794
Ahmednagar,,,Kopargaon,219,,234,0,530,0,530,4,NAHTAP AHKDAMAHA AHKBUBHEM,,373,391,764,4,768
Ahmednagar,,,Kopargaon,219,,235,1,640,0,641,3,NAHTAP AHKDAMAHA AHKBUBHEM,,476,398,874,3,877
Ahmednagar,,,Kopargaon,219,,236,2,694,0,696,8,NAHTAP AHKDAMAHA AHKBUBHEM,,559,369,928,8,936
Ahmednagar,,,Kopargaon,219,,237,3,743,0,746,8,NAHTAP AHKDAMAHA AHKBUBHEM,,568,409,977,8,985
Ahmednagar,,,Kopargaon,219,,238,1,770,0,771,10,NAHTAP AHKDAMAHA AHKBUBHEM,,541,466,1007,10,1017
Ahmednagar,,,Kopargaon,219,,239,2,693,0,695,5,NAHTAP AHKDAMAHA AHKBUBHEM,,507,423,930,5,935
Ahmednagar,,,Kopargaon,219,,240,1,659,0,660,10,NAHTAP AHKDAMAHA AHKBUBHEM,,535,363,898,10,908
Ahmednagar,,,Kopargaon,219,,241,1,378,0,379,2,NAHTAP AHKDAMAHA AHKBUBHEM,,283,335,618,2,620
Ahmednagar,,,Kopargaon,219,,242,0,860,0,860,4,NAHTAP AHKDAMAHA AHKBUBHEM,,751,351,1102,4,1106
Ahmednagar,,,Kopargaon,219,,243,2,912,0,914,4,NAHTAP AHKDAMAHA AHKBUBHEM,,783,370,1153,4,1157
Ahmednagar,,,Kopargaon,219,,244,4,742,0,746,3,NAHTAP AHKDAMAHA AHKBUBHEM,,428,554,982,3,985
Ahmednagar,,,Kopargaon,219,,245,2,658,0,660,3,NAHTAP AHKDAMAHA AHKBUBHEM,,436,465,901,3,904
Ahmednagar,,,Kopargaon,219,,246,2,866,0,868,5,NAHTAP AHKDAMAHA AHKBUBHEM,,540,570,1110,5,1115
Ahmednagar,,,Kopargaon,219,,247,1,729,0,730,5,NAHTAP AHKDAMAHA AHKBUBHEM,,507,468,975,5,980
Ahmednagar,,,Kopargaon,219,,248,0,688,0,688,3,NAHTAP AHKDAMAHA AHKBUBHEM,,463,473,936,3,939
Ahmednagar,,,Kopargaon,219,,249,5,911,0,916,9,NAHTAP AHKDAMAHA AHKBUBHEM,,638,517,1155,9,1164
Ahmednagar,,,Kopargaon,219,,250,5,822,0,827,8,NAHTAP AHKDAMAHA AHKBUBHEM,,581,486,1067,8,1075
Ahmednagar,,,Kopargaon,219,,251,4,789,0,793,6,NAHTAP AHKDAMAHA AHKBUBHEM,,482,554,1036,6,1042
Ahmednagar,,,Kopargaon,219,,252,4,824,0,828,5,NAHTAP AHKDAMAHA AHKBUBHEM,,682,390,1072,5,1077
Ahmednagar,,,Kopargaon,219,,253,7,930,0,937,8,NAHTAP AHKDAMAHA AHKBUBHEM,,674,502,1176,8,1184
Ahmednagar,,,Kopargaon,219,,254,1,885,0,886,6,NAHTAP AHKDAMAHA AHKBUBHEM,,632,506,1138,6,1144
Ahmednagar,,,Kopargaon,219,,255,5,844,0,849,3,NAHTAP AHKDAMAHA AHKBUBHEM,,645,449,1094,3,1097
Ahmednagar,,,Kopargaon,219,,256,2,689,0,691,4,NAHTAP AHKDAMAHA AHKBUBHEM,,551,392,943,4,947
Ahmednagar,,,Kopargaon,219,,257,2,846,0,848,5,NAHTAP AHKDAMAHA AHKBUBHEM,,683,418,1101,5,1106
Ahmednagar,,,Kopargaon,219,,258,2,840,0,842,11,NAHTAP AHKDAMAHA AHKBUBHEM,,649,447,1096,11,1107
Ahmednagar,,,Kopargaon,219,,259,2,925,0,927,8,NAHTAP AHKDAMAHA AHKBUBHEM,,703,479,1182,8,1190
Ahmednagar,,,Kopargaon,219,,260,0,647,0,647,11,NAHTAP AHKDAMAHA AHKBUBHEM,,408,499,907,11,918
Ahmednagar,,,Kopargaon,219,,261,1,522,0,523,3,NAHTAP AHKDAMAHA AHKBUBHEM,,370,412,782,3,785
Ahmednagar,,,Kopargaon,219,,262,0,618,0,618,2,NAHTAP AHKDAMAHA AHKBUBHEM,,381,499,880,2,882
Ahmednagar,,,Kopargaon,219,,263,3,647,0,650,5,NAHTAP AHKDAMAHA AHKBUBHEM,,450,457,907,5,912
Ahmednagar,,,Kopargaon,219,,264,0,811,0,811,2,NAHTAP AHKDAMAHA AHKBUBHEM,,666,409,1075,2,1077
Ahmednagar,,,Kopargaon,219,,265,2,1129,0,1131,7,NAHTAP AHKDAMAHA AHKBUBHEM,,767,625,1392,7,1399
Ahmednagar,,,Kopargaon,219,,266,0,365,0,365,4,NAHTAP AHKDAMAHA AHKBUBHEM,,292,339,631,4,635
Ahmednagar,,,Kopargaon,219,,267,3,1068,0,1071,9,NAHTAP AHKDAMAHA AHKBUBHEM,,772,560,1332,9,1341
Ahmednagar,,,Kopargaon,219,,268,0,771,0,771,3,NAHTAP AHKDAMAHA AHKBUBHEM,,502,537,1039,3,1042
Ahmednagar,,,Kopargaon,219,,269,2,896,0,898,8,NAHTAP AHKDAMAHA AHKBUBHEM,,604,559,1163,8,1171
Ahmednagar,,,Kopargaon,219,,270,0,750,0,750,6,NAHTAP AHKDAMAHA AHKBUBHEM,,489,531,1020,6,1026
Ahmednagar,,,Kopargaon,219,,271,3,601,0,604,5,NAHTAP AHKDAMAHA AHKBUBHEM,,393,476,869,5,874
Ahmednagar,,,Kopargaon,219,,272,2,800,0,802,5,NAHTAP AHKDAMAHA AHKBUBHEM,,688,382,1070,5,1075
TOTAL,,,,,,,1169,204869,0,206038,1685,,,160042,80786,240828,1685,242513
