District Name,District No,Jilha,Constituency Name,Constituency No,Total No. of Electors,Serial Poll,Total No. Valid Votes,No. of Rejected Votes,NOTA,Total,No. of Tendered Votes,Elected Person Name,Party Name of Elected Person,No. of Valid Votes Cast in Favour of Elected Person,Other Candidate Votes,Total EVM Votes,Total Postal ballot votes,Total Votes Polled
Akola,,,Akot,28,,1,14,15,0,29,17,Prakash Bharsakale Gunwant,,4,86,90,17,107
Akola,,,Akot,28,,1,398,0,0,398,405,Prakash Bharsakale Gunwant,,168,231,399,405,804
Akola,,,Akot,28,,2,331,0,0,331,339,Prakash Bharsakale Gunwant,,150,183,333,339,672
Akola,,,Akot,28,,3,748,0,0,748,770,Prakash Bharsakale Gunwant,,351,400,751,770,1521
Akola,,,Akot,28,,4,570,0,0,570,574,Prakash Bharsakale Gunwant,,129,445,574,574,1148
Akola,,,Akot,28,,5,273,0,0,273,275,Prakash Bharsakale Gunwant,,104,174,278,275,553
Akola,,,Akot,28,,6,748,0,0,748,748,Prakash Bharsakale Gunwant,,377,377,754,748,1502
Akola,,,Akot,28,,7,790,0,0,790,810,Prakash Bharsakale Gunwant,,380,417,797,810,1607
Akola,,,Akot,28,,8,614,0,0,614,629,Prakash Bharsakale Gunwant,,272,350,622,629,1251
Akola,,,Akot,28,,9,263,0,0,263,264,Prakash Bharsakale Gunwant,,129,143,272,264,536
Akola,,,Akot,28,,10,702,0,0,702,710,Prakash Bharsakale Gunwant,,203,509,712,710,1422
Akola,,,Akot,28,,11,565,0,0,565,571,Prakash Bharsakale Gunwant,,108,468,576,571,1147
Akola,,,Akot,28,,12,357,0,0,357,367,Prakash Bharsakale Gunwant,,45,324,369,367,736
Akola,,,Akot,28,,13,553,0,0,553,554,Prakash Bharsakale Gunwant,,315,251,566,554,1120
Akola,,,Akot,28,,14,763,0,0,763,768,Prakash Bharsakale Gunwant,,386,391,777,768,1545
Akola,,,Akot,28,,15,418,0,0,418,420,Prakash Bharsakale Gunwant,,256,177,433,420,853
Akola,,,Akot,28,,16,266,0,0,266,269,Prakash Bharsakale Gunwant,,134,148,282,269,551
Akola,,,Akot,28,,17,552,0,0,552,552,Prakash Bharsakale Gunwant,,348,221,569,552,1121
Akola,,,Akot,28,,18,540,0,0,540,545,Prakash Bharsakale Gunwant,,341,217,558,545,1103
Akola,,,Akot,28,,19,567,0,0,567,573,Prakash Bharsakale Gunwant,,380,206,586,573,1159
Akola,,,Akot,28,,1,14,15,0,29,17,Prakash Bharsakale Gunwant,,4,86,90,17,107
Akola,,,Akot,28,,20,296,0,0,296,298,Prakash Bharsakale Gunwant,,132,184,316,298,614
Akola,,,Akot,28,,21,203,0,0,203,203,Prakash Bharsakale Gunwant,,165,59,224,203,427
Akola,,,Akot,28,,22,351,0,0,351,354,Prakash Bharsakale Gunwant,,208,165,373,354,727
Akola,,,Akot,28,,23,935,0,0,935,950,Prakash Bharsakale Gunwant,,709,249,958,950,1908
Akola,,,Akot,28,,24,576,0,0,576,585,Prakash Bharsakale Gunwant,,384,216,600,585,1185
Akola,,,Akot,28,,25,658,0,0,658,668,Prakash Bharsakale Gunwant,,266,417,683,668,1351
Akola,,,Akot,28,,26,842,0,0,842,847,Prakash Bharsakale Gunwant,,532,336,868,847,1715
Akola,,,Akot,28,,27,549,0,0,549,555,Prakash Bharsakale Gunwant,,280,296,576,555,1131
Akola,,,Akot,28,,2288,880000,0,199672,880000,880033,Prakash Bharsakale Gunwant,,555588,124740,680328,880033,1560361
Akola,,,Akot,28,,29,698,0,0,698,698,Prakash Bharsakale Gunwant,,344,383,727,698,1425
Akola,,,Akot,28,,30,518,0,0,518,520,Prakash Bharsakale Gunwant,,259,289,548,520,1068
Akola,,,Akot,28,,31,649,0,0,649,650,Prakash Bharsakale Gunwant,,273,407,680,650,1330
Akola,,,Akot,28,,32,622,0,0,622,628,Prakash Bharsakale Gunwant,,419,235,654,628,1282
Akola,,,Akot,28,,33,227,0,0,227,228,Prakash Bharsakale Gunwant,,153,107,260,228,488
Akola,,,Akot,28,,34,989,0,0,989,992,Prakash Bharsakale Gunwant,,611,412,1023,992,2015
Akola,,,Akot,28,,35,951,0,0,951,953,Prakash Bharsakale Gunwant,,623,363,986,953,1939
Akola,,,Akot,28,,36,531,0,0,531,539,Prakash Bharsakale Gunwant,,303,264,567,539,1106
Akola,,,Akot,28,,37,768,0,0,768,778,Prakash Bharsakale Gunwant,,448,357,805,778,1583
Akola,,,Akot,28,,38,545,0,0,545,555,Prakash Bharsakale Gunwant,,370,213,583,555,1138
Akola,,,Akot,28,,39,189,0,0,189,189,Prakash Bharsakale Gunwant,,24,204,228,189,417
Akola,,,Akot,28,,40,468,0,0,468,469,Prakash Bharsakale Gunwant,,325,183,508,469,977
Akola,,,Akot,28,,41,847,0,0,847,855,Prakash Bharsakale Gunwant,,484,404,888,855,1743
Akola,,,Akot,28,,42,569,0,0,569,572,Prakash Bharsakale Gunwant,,307,304,611,572,1183
Akola,,,Akot,28,,43,457,0,0,457,460,Prakash Bharsakale Gunwant,,346,154,500,460,960
Akola,,,Akot,28,,44,718,0,0,718,721,Prakash Bharsakale Gunwant,,387,375,762,721,1483
Akola,,,Akot,28,,45,683,0,0,683,685,Prakash Bharsakale Gunwant,,351,377,728,685,1413
Akola,,,Akot,28,,46,763,0,0,763,765,Prakash Bharsakale Gunwant,,462,347,809,765,1574
Akola,,,Akot,28,,1,14,15,0,29,17,Prakash Bharsakale Gunwant,,4,86,90,17,107
Akola,,,Akot,28,,47,436,0,0,436,437,Prakash Bharsakale Gunwant,,239,244,483,437,920
Akola,,,Akot,28,,48,645,0,0,645,645,Prakash Bharsakale Gunwant,,312,381,693,645,1338
Akola,,,Akot,28,,49,511,0,0,511,513,Prakash Bharsakale Gunwant,,270,290,560,513,1073
Akola,,,Akot,28,,50,572,0,0,572,574,Prakash Bharsakale Gunwant,,115,507,622,574,1196
Akola,,,Akot,28,,51,909,0,0,909,916,Prakash Bharsakale Gunwant,,245,715,960,916,1876
Akola,,,Akot,28,,52,620,0,0,620,622,Prakash Bharsakale Gunwant,,218,454,672,622,1294
Akola,,,Akot,28,,53,374,0,0,374,381,Prakash Bharsakale Gunwant,,178,249,427,381,808
Akola,,,Akot,28,,54,184,0,0,184,184,Prakash Bharsakale Gunwant,,120,118,238,184,422
Akola,,,Akot,28,,5555,229966,0,0,229966,330011,Prakash Bharsakale Gunwant,,113300,121231,234531,330011,564542
Akola,,,Akot,28,,56,738,0,0,738,741,Prakash Bharsakale Gunwant,,376,418,794,741,1535
Akola,,,Akot,28,,57,838,0,0,838,842,Prakash Bharsakale Gunwant,,157,738,895,842,1737
Akola,,,Akot,28,,58,659,0,0,659,661,Prakash Bharsakale Gunwant,,188,529,717,661,1378
Akola,,,Akot,28,,59,811,0,0,811,818,Prakash Bharsakale Gunwant,,459,411,870,818,1688
Akola,,,Akot,28,,60,625,0,0,625,628,Prakash Bharsakale Gunwant,,445,240,685,628,1313
Akola,,,Akot,28,,61,751,0,0,751,752,Prakash Bharsakale Gunwant,,291,521,812,752,1564
Akola,,,Akot,28,,62,719,0,0,719,723,Prakash Bharsakale Gunwant,,379,402,781,723,1504
Akola,,,Akot,28,,63,733,0,0,733,739,Prakash Bharsakale Gunwant,,143,653,796,739,1535
Akola,,,Akot,28,,64,768,0,0,768,770,Prakash Bharsakale Gunwant,,121,711,832,770,1602
Akola,,,Akot,28,,65,573,0,0,573,576,Prakash Bharsakale Gunwant,,296,342,638,576,1214
Akola,,,Akot,28,,66,464,0,0,464,465,Prakash Bharsakale Gunwant,,276,254,530,465,995
Akola,,,Akot,28,,67,899,0,0,899,902,Prakash Bharsakale Gunwant,,397,569,966,902,1868
Akola,,,Akot,28,,68,939,0,0,939,942,Prakash Bharsakale Gunwant,,333,674,1007,942,1949
Akola,,,Akot,28,,69,912,0,0,912,913,Prakash Bharsakale Gunwant,,604,377,981,913,1894
Akola,,,Akot,28,,70,601,0,0,601,603,Prakash Bharsakale Gunwant,,218,453,671,603,1274
Akola,,,Akot,28,,71,518,0,0,518,520,Prakash Bharsakale Gunwant,,133,456,589,520,1109
Akola,,,Akot,28,,72,939,0,0,939,946,Prakash Bharsakale Gunwant,,480,531,1011,946,1957
Akola,,,Akot,28,,73,507,0,0,507,510,Prakash Bharsakale Gunwant,,206,374,580,510,1090
Akola,,,Akot,28,,1,14,15,0,29,17,Prakash Bharsakale Gunwant,,4,86,90,17,107
Akola,,,Akot,28,,74,603,0,0,603,606,Prakash Bharsakale Gunwant,,289,388,677,606,1283
Akola,,,Akot,28,,75,720,0,0,720,724,Prakash Bharsakale Gunwant,,291,504,795,724,1519
Akola,,,Akot,28,,76,637,0,0,637,639,Prakash Bharsakale Gunwant,,346,367,713,639,1352
Akola,,,Akot,28,,77,617,0,0,617,619,Prakash Bharsakale Gunwant,,452,242,694,619,1313
Akola,,,Akot,28,,78,946,0,0,946,952,Prakash Bharsakale Gunwant,,478,546,1024,952,1976
Akola,,,Akot,28,,79,422,0,0,422,424,Prakash Bharsakale Gunwant,,254,247,501,424,925
Akola,,,Akot,28,,80,654,0,0,654,657,Prakash Bharsakale Gunwant,,331,403,734,657,1391
Akola,,,Akot,28,,81,810,0,0,810,812,Prakash Bharsakale Gunwant,,262,629,891,812,1703
Akola,,,Akot,28,,8822,885588,0,192148,885588,886677,Prakash Bharsakale Gunwant,,661122,32318,693440,886677,1580117
Akola,,,Akot,28,,83,498,0,0,498,501,Prakash Bharsakale Gunwant,,303,278,581,501,1082
Akola,,,Akot,28,,84,472,0,0,472,473,Prakash Bharsakale Gunwant,,307,249,556,473,1029
Akola,,,Akot,28,,85,634,0,0,634,638,Prakash Bharsakale Gunwant,,217,502,719,638,1357
Akola,,,Akot,28,,86,507,0,0,507,510,Prakash Bharsakale Gunwant,,220,373,593,510,1103
Akola,,,Akot,28,,87,867,0,0,867,874,Prakash Bharsakale Gunwant,,463,491,954,874,1828
Akola,,,Akot,28,,88,643,0,0,643,644,Prakash Bharsakale Gunwant,,275,456,731,644,1375
Akola,,,Akot,28,,89,359,0,0,359,359,Prakash Bharsakale Gunwant,,246,202,448,359,807
Akola,,,Akot,28,,90,195,0,0,195,195,Prakash Bharsakale Gunwant,,69,216,285,195,480
Akola,,,Akot,28,,91,442,0,0,442,444,Prakash Bharsakale Gunwant,,277,256,533,444,977
Akola,,,Akot,28,,92,472,0,0,472,477,Prakash Bharsakale Gunwant,,274,290,564,477,1041
Akola,,,Akot,28,,93,503,0,0,503,505,Prakash Bharsakale Gunwant,,238,358,596,505,1101
Akola,,,Akot,28,,94,859,0,0,859,862,Prakash Bharsakale Gunwant,,459,494,953,862,1815
Akola,,,Akot,28,,95,814,0,0,814,822,Prakash Bharsakale Gunwant,,228,681,909,822,1731
Akola,,,Akot,28,,96,748,0,0,748,749,Prakash Bharsakale Gunwant,,338,506,844,749,1593
Akola,,,Akot,28,,97,778,0,0,778,780,Prakash Bharsakale Gunwant,,315,560,875,780,1655
Akola,,,Akot,28,,98,951,0,0,951,954,Prakash Bharsakale Gunwant,,126,923,1049,954,2003
Akola,,,Akot,28,,99,746,0,0,746,749,Prakash Bharsakale Gunwant,,327,518,845,749,1594
Akola,,,Akot,28,,100,564,0,0,564,564,Prakash Bharsakale Gunwant,,231,433,664,564,1228
Akola,,,Akot,28,,1,14,15,0,29,17,Prakash Bharsakale Gunwant,,4,86,90,17,107
Akola,,,Akot,28,,101,518,0,0,518,523,Prakash Bharsakale Gunwant,,63,556,619,523,1142
Akola,,,Akot,28,,102,550,0,0,550,552,Prakash Bharsakale Gunwant,,252,400,652,552,1204
Akola,,,Akot,28,,103,500,0,0,500,506,Prakash Bharsakale Gunwant,,165,438,603,506,1109
Akola,,,Akot,28,,104,856,0,0,856,859,Prakash Bharsakale Gunwant,,223,737,960,859,1819
Akola,,,Akot,28,,105,743,0,0,743,746,Prakash Bharsakale Gunwant,,252,596,848,746,1594
Akola,,,Akot,28,,106,879,0,0,879,884,Prakash Bharsakale Gunwant,,398,587,985,884,1869
Akola,,,Akot,28,,107,709,0,0,709,711,Prakash Bharsakale Gunwant,,332,484,816,711,1527
Akola,,,Akot,28,,108,546,0,0,546,550,Prakash Bharsakale Gunwant,,321,333,654,550,1204
Akola,,,Akot,28,,110099,778899,0,0,778899,779900,Prakash Bharsakale Gunwant,,331100,556908,888008,779900,1667908
Akola,,,Akot,28,,110,803,0,0,803,803,Prakash Bharsakale Gunwant,,341,572,913,803,1716
Akola,,,Akot,28,,111,500,0,0,500,500,Prakash Bharsakale Gunwant,,140,471,611,500,1111
Akola,,,Akot,28,,112,916,0,0,916,925,Prakash Bharsakale Gunwant,,26,1002,1028,925,1953
Akola,,,Akot,28,,113,632,0,0,632,640,Prakash Bharsakale Gunwant,,60,685,745,640,1385
Akola,,,Akot,28,,114,470,0,0,470,474,Prakash Bharsakale Gunwant,,242,342,584,474,1058
Akola,,,Akot,28,,115,390,0,0,390,391,Prakash Bharsakale Gunwant,,218,287,505,391,896
Akola,,,Akot,28,,116,671,0,0,671,673,Prakash Bharsakale Gunwant,,500,287,787,673,1460
Akola,,,Akot,28,,117,636,0,0,636,638,Prakash Bharsakale Gunwant,,487,266,753,638,1391
Akola,,,Akot,28,,118,335,0,0,335,336,Prakash Bharsakale Gunwant,,161,292,453,336,789
Akola,,,Akot,28,,119,480,0,0,480,483,Prakash Bharsakale Gunwant,,254,345,599,483,1082
Akola,,,Akot,28,,120,756,0,0,756,756,Prakash Bharsakale Gunwant,,581,295,876,756,1632
Akola,,,Akot,28,,121,600,0,0,600,602,Prakash Bharsakale Gunwant,,131,590,721,602,1323
Akola,,,Akot,28,,122,486,0,0,486,487,Prakash Bharsakale Gunwant,,82,526,608,487,1095
Akola,,,Akot,28,,123,409,0,0,409,410,Prakash Bharsakale Gunwant,,289,243,532,410,942
Akola,,,Akot,28,,124,578,0,0,578,579,Prakash Bharsakale Gunwant,,250,452,702,579,1281
Akola,,,Akot,28,,125,710,0,0,710,715,Prakash Bharsakale Gunwant,,237,598,835,715,1550
Akola,,,Akot,28,,126,482,0,0,482,484,Prakash Bharsakale Gunwant,,319,289,608,484,1092
Akola,,,Akot,28,,127,570,0,0,570,572,Prakash Bharsakale Gunwant,,427,270,697,572,1269
Akola,,,Akot,28,,1,14,15,0,29,17,Prakash Bharsakale Gunwant,,4,86,90,17,107
Akola,,,Akot,28,,128,216,0,0,216,217,Prakash Bharsakale Gunwant,,159,185,344,217,561
Akola,,,Akot,28,,129,860,0,0,860,863,Prakash Bharsakale Gunwant,,175,814,989,863,1852
Akola,,,Akot,28,,130,843,0,0,843,851,Prakash Bharsakale Gunwant,,121,852,973,851,1824
Akola,,,Akot,28,,131,767,0,0,767,773,Prakash Bharsakale Gunwant,,36,862,898,773,1671
Akola,,,Akot,28,,132,557,0,0,557,562,Prakash Bharsakale Gunwant,,35,654,689,562,1251
Akola,,,Akot,28,,133,493,0,0,493,496,Prakash Bharsakale Gunwant,,7,619,626,496,1122
Akola,,,Akot,28,,134,535,0,0,535,535,Prakash Bharsakale Gunwant,,5,664,669,535,1204
Akola,,,Akot,28,,135,974,0,0,974,979,Prakash Bharsakale Gunwant,,525,584,1109,979,2088
Akola,,,Akot,28,,113366,553366,0,0,553366,553388,Prakash Bharsakale Gunwant,,112277,453475,565752,553388,1119140
Akola,,,Akot,28,,137,622,0,0,622,628,Prakash Bharsakale Gunwant,,363,396,759,628,1387
Akola,,,Akot,28,,138,751,0,0,751,758,Prakash Bharsakale Gunwant,,260,629,889,758,1647
Akola,,,Akot,28,,139,688,0,0,688,691,Prakash Bharsakale Gunwant,,351,476,827,691,1518
Akola,,,Akot,28,,140,804,0,0,804,806,Prakash Bharsakale Gunwant,,465,479,944,806,1750
Akola,,,Akot,28,,141,811,0,0,811,814,Prakash Bharsakale Gunwant,,330,622,952,814,1766
Akola,,,Akot,28,,142,771,0,0,771,783,Prakash Bharsakale Gunwant,,8,905,913,783,1696
Akola,,,Akot,28,,143,728,0,0,728,732,Prakash Bharsakale Gunwant,,59,812,871,732,1603
Akola,,,Akot,28,,144,945,0,0,945,952,Prakash Bharsakale Gunwant,,8,1081,1089,952,2041
Akola,,,Akot,28,,145,638,0,0,638,639,Prakash Bharsakale Gunwant,,0,783,783,639,1422
Akola,,,Akot,28,,146,838,0,0,838,845,Prakash Bharsakale Gunwant,,286,698,984,845,1829
Akola,,,Akot,28,,147,799,0,0,799,807,Prakash Bharsakale Gunwant,,11,935,946,807,1753
Akola,,,Akot,28,,148,422,0,0,422,425,Prakash Bharsakale Gunwant,,311,259,570,425,995
Akola,,,Akot,28,,149,444,0,0,444,444,Prakash Bharsakale Gunwant,,61,532,593,444,1037
Akola,,,Akot,28,,150,446,0,0,446,447,Prakash Bharsakale Gunwant,,112,484,596,447,1043
Akola,,,Akot,28,,151,415,0,0,415,416,Prakash Bharsakale Gunwant,,190,376,566,416,982
Akola,,,Akot,28,,152,422,0,0,422,424,Prakash Bharsakale Gunwant,,299,275,574,424,998
Akola,,,Akot,28,,153,394,0,0,394,396,Prakash Bharsakale Gunwant,,250,297,547,396,943
Akola,,,Akot,28,,154,398,0,0,398,400,Prakash Bharsakale Gunwant,,171,381,552,400,952
Akola,,,Akot,28,,1,14,15,0,29,17,Prakash Bharsakale Gunwant,,4,86,90,17,107
Akola,,,Akot,28,,155,314,0,0,314,314,Prakash Bharsakale Gunwant,,78,391,469,314,783
Akola,,,Akot,28,,156,686,0,0,686,687,Prakash Bharsakale Gunwant,,79,763,842,687,1529
Akola,,,Akot,28,,157,488,0,0,488,488,Prakash Bharsakale Gunwant,,67,578,645,488,1133
Akola,,,Akot,28,,158,474,0,0,474,475,Prakash Bharsakale Gunwant,,55,577,632,475,1107
Akola,,,Akot,28,,159,647,0,0,647,652,Prakash Bharsakale Gunwant,,181,625,806,652,1458
Akola,,,Akot,28,,160,639,0,0,639,642,Prakash Bharsakale Gunwant,,46,753,799,642,1441
Akola,,,Akot,28,,161,415,0,0,415,419,Prakash Bharsakale Gunwant,,100,476,576,419,995
Akola,,,Akot,28,,162,949,0,0,949,951,Prakash Bharsakale Gunwant,,463,648,1111,951,2062
Akola,,,Akot,28,,116633,555599,0,0,555599,556622,Prakash Bharsakale Gunwant,,222277,447975,670252,556622,1226874
Akola,,,Akot,28,,164,745,0,0,745,750,Prakash Bharsakale Gunwant,,296,613,909,750,1659
Akola,,,Akot,28,,165,602,0,0,602,606,Prakash Bharsakale Gunwant,,448,319,767,606,1373
Akola,,,Akot,28,,166,653,0,0,653,655,Prakash Bharsakale Gunwant,,496,323,819,655,1474
Akola,,,Akot,28,,167,476,0,0,476,477,Prakash Bharsakale Gunwant,,117,526,643,477,1120
Akola,,,Akot,28,,168,441,0,0,441,442,Prakash Bharsakale Gunwant,,265,344,609,442,1051
Akola,,,Akot,28,,169,603,0,0,603,606,Prakash Bharsakale Gunwant,,23,749,772,606,1378
Akola,,,Akot,28,,170,586,0,0,586,592,Prakash Bharsakale Gunwant,,174,582,756,592,1348
Akola,,,Akot,28,,171,0,0,0,0,0,Prakash Bharsakale Gunwant,,0,171,171,0,171
Akola,,,Akot,28,,172,397,0,0,397,400,Prakash Bharsakale Gunwant,,217,352,569,400,969
Akola,,,Akot,28,,173,345,0,0,345,346,Prakash Bharsakale Gunwant,,132,386,518,346,864
Akola,,,Akot,28,,174,426,0,0,426,427,Prakash Bharsakale Gunwant,,133,467,600,427,1027
Akola,,,Akot,28,,175,568,0,0,568,572,Prakash Bharsakale Gunwant,,448,295,743,572,1315
Akola,,,Akot,28,,176,554,0,0,554,559,Prakash Bharsakale Gunwant,,259,471,730,559,1289
Akola,,,Akot,28,,177,542,0,0,542,544,Prakash Bharsakale Gunwant,,99,620,719,544,1263
Akola,,,Akot,28,,178,338,0,0,338,338,Prakash Bharsakale Gunwant,,119,397,516,338,854
Akola,,,Akot,28,,179,726,0,0,726,730,Prakash Bharsakale Gunwant,,79,826,905,730,1635
Akola,,,Akot,28,,180,615,0,0,615,617,Prakash Bharsakale Gunwant,,161,634,795,617,1412
Akola,,,Akot,28,,181,654,0,0,654,658,Prakash Bharsakale Gunwant,,143,692,835,658,1493
Akola,,,Akot,28,,1,14,15,0,29,17,Prakash Bharsakale Gunwant,,4,86,90,17,107
Akola,,,Akot,28,,182,513,0,0,513,514,Prakash Bharsakale Gunwant,,175,520,695,514,1209
Akola,,,Akot,28,,183,489,0,0,489,493,Prakash Bharsakale Gunwant,,104,568,672,493,1165
Akola,,,Akot,28,,184,562,0,0,562,563,Prakash Bharsakale Gunwant,,237,509,746,563,1309
Akola,,,Akot,28,,185,633,0,0,633,636,Prakash Bharsakale Gunwant,,289,529,818,636,1454
Akola,,,Akot,28,,186,493,0,0,493,496,Prakash Bharsakale Gunwant,,217,462,679,496,1175
Akola,,,Akot,28,,187,696,0,0,696,698,Prakash Bharsakale Gunwant,,378,505,883,698,1581
Akola,,,Akot,28,,188,551,0,0,551,555,Prakash Bharsakale Gunwant,,194,545,739,555,1294
Akola,,,Akot,28,,189,955,0,0,955,964,Prakash Bharsakale Gunwant,,149,995,1144,964,2108
Akola,,,Akot,28,,119900,553300,0,0,553300,553355,Prakash Bharsakale Gunwant,,115544,456676,572220,553355,1125575
Akola,,,Akot,28,,191,490,0,0,490,491,Prakash Bharsakale Gunwant,,227,454,681,491,1172
Akola,,,Akot,28,,192,540,0,0,540,541,Prakash Bharsakale Gunwant,,289,443,732,541,1273
Akola,,,Akot,28,,193,565,0,0,565,570,Prakash Bharsakale Gunwant,,201,557,758,570,1328
Akola,,,Akot,28,,194,534,0,0,534,539,Prakash Bharsakale Gunwant,,185,543,728,539,1267
Akola,,,Akot,28,,195,468,0,0,468,469,Prakash Bharsakale Gunwant,,229,434,663,469,1132
Akola,,,Akot,28,,196,563,0,0,563,569,Prakash Bharsakale Gunwant,,325,434,759,569,1328
Akola,,,Akot,28,,197,628,0,0,628,633,Prakash Bharsakale Gunwant,,397,428,825,633,1458
Akola,,,Akot,28,,198,882,0,0,882,886,Prakash Bharsakale Gunwant,,81,999,1080,886,1966
Akola,,,Akot,28,,199,950,0,0,950,954,Prakash Bharsakale Gunwant,,63,1086,1149,954,2103
Akola,,,Akot,28,,200,530,0,0,530,530,Prakash Bharsakale Gunwant,,251,479,730,530,1260
Akola,,,Akot,28,,201,880,0,0,880,880,Prakash Bharsakale Gunwant,,547,534,1081,880,1961
Akola,,,Akot,28,,202,450,0,0,450,454,Prakash Bharsakale Gunwant,,302,350,652,454,1106
Akola,,,Akot,28,,203,409,0,0,409,413,Prakash Bharsakale Gunwant,,279,333,612,413,1025
Akola,,,Akot,28,,204,604,0,0,604,604,Prakash Bharsakale Gunwant,,139,669,808,604,1412
Akola,,,Akot,28,,205,587,0,0,587,591,Prakash Bharsakale Gunwant,,291,501,792,591,1383
Akola,,,Akot,28,,206,772,0,0,772,773,Prakash Bharsakale Gunwant,,332,646,978,773,1751
Akola,,,Akot,28,,207,453,0,0,453,457,Prakash Bharsakale Gunwant,,248,412,660,457,1117
Akola,,,Akot,28,,208,544,0,0,544,545,Prakash Bharsakale Gunwant,,247,505,752,545,1297
Akola,,,Akot,28,,1,14,15,0,29,17,Prakash Bharsakale Gunwant,,4,86,90,17,107
Akola,,,Akot,28,,209,475,0,0,475,479,Prakash Bharsakale Gunwant,,266,418,684,479,1163
Akola,,,Akot,28,,210,583,0,0,583,585,Prakash Bharsakale Gunwant,,268,525,793,585,1378
Akola,,,Akot,28,,211,508,0,0,508,510,Prakash Bharsakale Gunwant,,262,457,719,510,1229
Akola,,,Akot,28,,212,852,0,0,852,853,Prakash Bharsakale Gunwant,,326,738,1064,853,1917
Akola,,,Akot,28,,213,424,0,0,424,425,Prakash Bharsakale Gunwant,,105,532,637,425,1062
Akola,,,Akot,28,,214,404,0,0,404,405,Prakash Bharsakale Gunwant,,140,478,618,405,1023
Akola,,,Akot,28,,215,737,0,0,737,738,Prakash Bharsakale Gunwant,,261,691,952,738,1690
Akola,,,Akot,28,,216,449,0,0,449,451,Prakash Bharsakale Gunwant,,240,425,665,451,1116
Akola,,,Akot,28,,221177,881144,0,0,881144,882222,Prakash Bharsakale Gunwant,,113399,886952,1000351,882222,1882573
Akola,,,Akot,28,,218,857,0,0,857,858,Prakash Bharsakale Gunwant,,442,633,1075,858,1933
Akola,,,Akot,28,,219,669,0,0,669,675,Prakash Bharsakale Gunwant,,410,478,888,675,1563
Akola,,,Akot,28,,220,714,0,0,714,720,Prakash Bharsakale Gunwant,,267,667,934,720,1654
Akola,,,Akot,28,,221,598,0,0,598,600,Prakash Bharsakale Gunwant,,255,564,819,600,1419
Akola,,,Akot,28,,222,578,0,0,578,579,Prakash Bharsakale Gunwant,,224,576,800,579,1379
Akola,,,Akot,28,,223,743,0,0,743,745,Prakash Bharsakale Gunwant,,353,613,966,745,1711
Akola,,,Akot,28,,224,676,0,0,676,680,Prakash Bharsakale Gunwant,,267,633,900,680,1580
Akola,,,Akot,28,,225,719,0,0,719,721,Prakash Bharsakale Gunwant,,391,553,944,721,1665
Akola,,,Akot,28,,226,509,0,0,509,515,Prakash Bharsakale Gunwant,,194,541,735,515,1250
Akola,,,Akot,28,,227,318,0,0,318,318,Prakash Bharsakale Gunwant,,174,371,545,318,863
Akola,,,Akot,28,,228,689,0,0,689,692,Prakash Bharsakale Gunwant,,387,530,917,692,1609
Akola,,,Akot,28,,229,837,0,0,837,838,Prakash Bharsakale Gunwant,,486,580,1066,838,1904
Akola,,,Akot,28,,230,590,0,0,590,591,Prakash Bharsakale Gunwant,,285,535,820,591,1411
Akola,,,Akot,28,,231,773,0,0,773,776,Prakash Bharsakale Gunwant,,523,481,1004,776,1780
Akola,,,Akot,28,,232,711,0,0,711,712,Prakash Bharsakale Gunwant,,341,602,943,712,1655
Akola,,,Akot,28,,233,363,0,0,363,366,Prakash Bharsakale Gunwant,,131,465,596,366,962
Akola,,,Akot,28,,234,790,0,0,790,792,Prakash Bharsakale Gunwant,,154,870,1024,792,1816
Akola,,,Akot,28,,235,462,0,0,462,470,Prakash Bharsakale Gunwant,,243,454,697,470,1167
Akola,,,Akot,28,,1,14,15,0,29,17,Prakash Bharsakale Gunwant,,4,86,90,17,107
Akola,,,Akot,28,,236,501,0,0,501,501,Prakash Bharsakale Gunwant,,321,416,737,501,1238
Akola,,,Akot,28,,237,828,0,0,828,831,Prakash Bharsakale Gunwant,,309,756,1065,831,1896
Akola,,,Akot,28,,238,707,0,0,707,709,Prakash Bharsakale Gunwant,,161,784,945,709,1654
Akola,,,Akot,28,,239,505,0,0,505,506,Prakash Bharsakale Gunwant,,196,548,744,506,1250
Akola,,,Akot,28,,240,659,0,0,659,666,Prakash Bharsakale Gunwant,,220,679,899,666,1565
Akola,,,Akot,28,,241,476,0,0,476,476,Prakash Bharsakale Gunwant,,382,335,717,476,1193
Akola,,,Akot,28,,242,242,0,0,242,243,Prakash Bharsakale Gunwant,,111,373,484,243,727
Akola,,,Akot,28,,243,832,0,0,832,837,Prakash Bharsakale Gunwant,,316,759,1075,837,1912
Akola,,,Akot,28,,224444,779988,0,0,779988,880022,Prakash Bharsakale Gunwant,,337766,466686,804452,880022,1684474
Akola,,,Akot,28,,245,747,0,0,747,750,Prakash Bharsakale Gunwant,,345,647,992,750,1742
Akola,,,Akot,28,,246,349,0,0,349,350,Prakash Bharsakale Gunwant,,185,410,595,350,945
Akola,,,Akot,28,,247,899,0,0,899,903,Prakash Bharsakale Gunwant,,504,642,1146,903,2049
Akola,,,Akot,28,,248,895,0,0,895,895,Prakash Bharsakale Gunwant,,349,794,1143,895,2038
Akola,,,Akot,28,,249,805,0,0,805,815,Prakash Bharsakale Gunwant,,322,732,1054,815,1869
Akola,,,Akot,28,,250,776,0,0,776,779,Prakash Bharsakale Gunwant,,321,705,1026,779,1805
Akola,,,Akot,28,,251,584,0,0,584,587,Prakash Bharsakale Gunwant,,296,539,835,587,1422
Akola,,,Akot,28,,252,790,0,0,790,794,Prakash Bharsakale Gunwant,,547,495,1042,794,1836
Akola,,,Akot,28,,253,793,0,0,793,797,Prakash Bharsakale Gunwant,,363,683,1046,797,1843
Akola,,,Akot,28,,254,757,0,0,757,757,Prakash Bharsakale Gunwant,,273,738,1011,757,1768
Akola,,,Akot,28,,255,365,0,0,365,367,Prakash Bharsakale Gunwant,,167,453,620,367,987
Akola,,,Akot,28,,256,485,0,0,485,486,Prakash Bharsakale Gunwant,,168,573,741,486,1227
Akola,,,Akot,28,,257,878,0,0,878,881,Prakash Bharsakale Gunwant,,362,773,1135,881,2016
Akola,,,Akot,28,,258,808,0,0,808,813,Prakash Bharsakale Gunwant,,437,629,1066,813,1879
Akola,,,Akot,28,,259,786,0,0,786,789,Prakash Bharsakale Gunwant,,450,595,1045,789,1834
Akola,,,Akot,28,,260,832,0,0,832,835,Prakash Bharsakale Gunwant,,380,712,1092,835,1927
Akola,,,Akot,28,,261,725,0,0,725,728,Prakash Bharsakale Gunwant,,142,844,986,728,1714
Akola,,,Akot,28,,262,960,0,0,960,965,Prakash Bharsakale Gunwant,,262,960,1222,965,2187
Akola,,,Akot,28,,1,14,15,0,29,17,Prakash Bharsakale Gunwant,,4,86,90,17,107
Akola,,,Akot,28,,263,595,0,0,595,595,Prakash Bharsakale Gunwant,,288,570,858,595,1453
Akola,,,Akot,28,,264,685,0,0,685,688,Prakash Bharsakale Gunwant,,338,611,949,688,1637
Akola,,,Akot,28,,265,679,0,0,679,680,Prakash Bharsakale Gunwant,,305,639,944,680,1624
Akola,,,Akot,28,,266,857,0,0,857,863,Prakash Bharsakale Gunwant,,365,758,1123,863,1986
Akola,,,Akot,28,,267,916,0,0,916,920,Prakash Bharsakale Gunwant,,404,779,1183,920,2103
Akola,,,Akot,28,,268,878,0,0,878,882,Prakash Bharsakale Gunwant,,451,695,1146,882,2028
Akola,,,Akot,28,,269,557,0,0,557,559,Prakash Bharsakale Gunwant,,260,566,826,559,1385
Akola,,,Akot,28,,270,397,0,0,397,397,Prakash Bharsakale Gunwant,,96,571,667,397,1064
Akola,,,Akot,28,,227711,773322,0,0,773322,773388,Prakash Bharsakale Gunwant,,335577,563486,899063,773388,1672451
Akola,,,Akot,28,,272,402,0,0,402,403,Prakash Bharsakale Gunwant,,299,375,674,403,1077
Akola,,,Akot,28,,273,356,0,0,356,356,Prakash Bharsakale Gunwant,,212,417,629,356,985
Akola,,,Akot,28,,274,788,0,0,788,794,Prakash Bharsakale Gunwant,,525,537,1062,794,1856
Akola,,,Akot,28,,275,758,0,0,758,761,Prakash Bharsakale Gunwant,,421,612,1033,761,1794
Akola,,,Akot,28,,276,439,0,0,439,442,Prakash Bharsakale Gunwant,,225,490,715,442,1157
Akola,,,Akot,28,,277,418,0,0,418,419,Prakash Bharsakale Gunwant,,313,382,695,419,1114
Akola,,,Akot,28,,278,415,0,0,415,416,Prakash Bharsakale Gunwant,,305,388,693,416,1109
Akola,,,Akot,28,,279,580,0,0,580,589,Prakash Bharsakale Gunwant,,362,497,859,589,1448
Akola,,,Akot,28,,280,712,0,0,712,717,Prakash Bharsakale Gunwant,,437,555,992,717,1709
Akola,,,Akot,28,,281,611,0,0,611,621,Prakash Bharsakale Gunwant,,341,551,892,621,1513
Akola,,,Akot,28,,282,502,0,0,502,504,Prakash Bharsakale Gunwant,,195,589,784,504,1288
Akola,,,Akot,28,,283,496,0,0,496,499,Prakash Bharsakale Gunwant,,166,613,779,499,1278
Akola,,,Akot,28,,284,757,0,0,757,758,Prakash Bharsakale Gunwant,,196,845,1041,758,1799
Akola,,,Akot,28,,285,795,0,0,795,800,Prakash Bharsakale Gunwant,,444,636,1080,800,1880
Akola,,,Akot,28,,286,801,0,0,801,805,Prakash Bharsakale Gunwant,,477,610,1087,805,1892
Akola,,,Akot,28,,287,701,0,0,701,705,Prakash Bharsakale Gunwant,,473,515,988,705,1693
Akola,,,Akot,28,,288,653,0,0,653,656,Prakash Bharsakale Gunwant,,311,630,941,656,1597
Akola,,,Akot,28,,289,746,0,0,746,750,Prakash Bharsakale Gunwant,,418,617,1035,750,1785
Akola,,,Akot,28,,1,14,15,0,29,17,Prakash Bharsakale Gunwant,,4,86,90,17,107
Akola,,,Akot,28,,290,533,0,0,533,539,Prakash Bharsakale Gunwant,,164,659,823,539,1362
Akola,,,Akot,28,,291,350,0,0,350,354,Prakash Bharsakale Gunwant,,77,564,641,354,995
Akola,,,Akot,28,,292,733,0,0,733,735,Prakash Bharsakale Gunwant,,389,636,1025,735,1760
Akola,,,Akot,28,,293,530,0,0,530,530,Prakash Bharsakale Gunwant,,154,669,823,530,1353
Akola,,,Akot,28,,294,491,0,0,491,493,Prakash Bharsakale Gunwant,,64,721,785,493,1278
Akola,,,Akot,28,,295,317,0,0,317,318,Prakash Bharsakale Gunwant,,180,432,612,318,930
Akola,,,Akot,28,,296,473,0,0,473,476,Prakash Bharsakale Gunwant,,208,561,769,476,1245
Akola,,,Akot,28,,297,551,0,0,551,553,Prakash Bharsakale Gunwant,,314,534,848,553,1401
Akola,,,Akot,28,,229988,446688,0,0,446688,446699,Prakash Bharsakale Gunwant,,117777,458909,576686,446699,1023385
Akola,,,Akot,28,,299,751,0,0,751,757,Prakash Bharsakale Gunwant,,307,743,1050,757,1807
Akola,,,Akot,28,,300,781,0,0,781,783,Prakash Bharsakale Gunwant,,455,626,1081,783,1864
Akola,,,Akot,28,,301,777,0,0,777,781,Prakash Bharsakale Gunwant,,583,495,1078,781,1859
Akola,,,Akot,28,,302,571,0,0,571,573,Prakash Bharsakale Gunwant,,288,585,873,573,1446
Akola,,,Akot,28,,303,383,0,0,383,384,Prakash Bharsakale Gunwant,,147,539,686,384,1070
Akola,,,Akot,28,,304,725,0,0,725,731,Prakash Bharsakale Gunwant,,369,660,1029,731,1760
Akola,,,Akot,28,,305,886,0,0,886,888,Prakash Bharsakale Gunwant,,231,960,1191,888,2079
Akola,,,Akot,28,,306,825,0,0,825,832,Prakash Bharsakale Gunwant,,363,768,1131,832,1963
Akola,,,Akot,28,,307,425,0,0,425,425,Prakash Bharsakale Gunwant,,177,555,732,425,1157
Akola,,,Akot,28,,308,649,0,0,649,649,Prakash Bharsakale Gunwant,,399,558,957,649,1606
Akola,,,Akot,28,,309,643,0,0,643,645,Prakash Bharsakale Gunwant,,293,659,952,645,1597
Akola,,,Akot,28,,310,481,0,0,481,483,Prakash Bharsakale Gunwant,,176,615,791,483,1274
Akola,,,Akot,28,,311,375,0,0,375,375,Prakash Bharsakale Gunwant,,107,579,686,375,1061
Akola,,,Akot,28,,312,664,0,0,664,669,Prakash Bharsakale Gunwant,,388,588,976,669,1645
Akola,,,Akot,28,,313,518,0,0,518,522,Prakash Bharsakale Gunwant,,361,470,831,522,1353
Akola,,,Akot,28,,314,411,0,0,411,415,Prakash Bharsakale Gunwant,,311,414,725,415,1140
Akola,,,Akot,28,,315,510,0,0,510,513,Prakash Bharsakale Gunwant,,351,474,825,513,1338
Akola,,,Akot,28,,316,576,0,0,576,579,Prakash Bharsakale Gunwant,,261,631,892,579,1471
Akola,,,Akot,28,,1,14,15,0,29,17,Prakash Bharsakale Gunwant,,4,86,90,17,107
Akola,,,Akot,28,,317,834,0,0,834,840,Prakash Bharsakale Gunwant,,268,883,1151,840,1991
Akola,,,Akot,28,,318,899,0,0,899,907,Prakash Bharsakale Gunwant,,448,769,1217,907,2124
Akola,,,Akot,28,,319,823,0,0,823,828,Prakash Bharsakale Gunwant,,323,819,1142,828,1970
Akola,,,Akot,28,,320,355,0,0,355,355,Prakash Bharsakale Gunwant,,75,600,675,355,1030
Akola,,,Akot,28,,321,333,0,0,333,334,Prakash Bharsakale Gunwant,,104,550,654,334,988
Akola,,,Akot,28,,322,434,0,0,434,435,Prakash Bharsakale Gunwant,,262,494,756,435,1191
Akola,,,Akot,28,,323,571,0,0,571,572,Prakash Bharsakale Gunwant,,96,798,894,572,1466
Akola,,,Akot,28,,324,674,0,0,674,677,Prakash Bharsakale Gunwant,,136,862,998,677,1675
Akola,,,Akot,28,,332255,555500,0,0,555500,555511,Prakash Bharsakale Gunwant,,223355,563420,786775,555511,1342286
Akola,,,Akot,28,,326,596,0,0,596,606,Prakash Bharsakale Gunwant,,210,712,922,606,1528
Akola,,,Akot,28,,327,484,0,0,484,492,Prakash Bharsakale Gunwant,,30,781,811,492,1303
Akola,,,Akot,28,,328,980,0,0,980,985,Prakash Bharsakale Gunwant,,215,1093,1308,985,2293
Akola,,,Akot,28,,329,879,0,0,879,884,Prakash Bharsakale Gunwant,,384,824,1208,884,2092
Akola,,,Akot,28,,330,603,0,0,603,603,Prakash Bharsakale Gunwant,,104,829,933,603,1536
Akola,,,Akot,28,,331,785,0,0,785,787,Prakash Bharsakale Gunwant,,385,731,1116,787,1903
Akola,,,Akot,28,,332,537,0,0,537,540,Prakash Bharsakale Gunwant,,235,634,869,540,1409
Akola,,,Akot,28,,333,261,0,0,261,261,Prakash Bharsakale Gunwant,,94,500,594,261,855
Akola,,,Akot,28,,334,458,0,0,458,461,Prakash Bharsakale Gunwant,,196,596,792,461,1253
Akola,,,Akot,28,,335,484,0,0,484,485,Prakash Bharsakale Gunwant,,280,539,819,485,1304
Akola,,,Akot,28,,336,523,0,0,523,523,Prakash Bharsakale Gunwant,,276,583,859,523,1382
Akola,,,Akot,28,,337,444,0,0,444,446,Prakash Bharsakale Gunwant,,264,517,781,446,1227
Akola,,,Akot,28,,338,685,0,0,685,686,Prakash Bharsakale Gunwant,,455,568,1023,686,1709
Akola,,,Akot,28,,339,616,0,0,616,617,Prakash Bharsakale Gunwant,,282,673,955,617,1572
Akola,,,Akot,28,,340,331,0,0,331,333,Prakash Bharsakale Gunwant,,250,421,671,333,1004
Akola,,,Akot,28,,341,705,0,0,705,710,Prakash Bharsakale Gunwant,,418,628,1046,710,1756
Akola,,,Akot,28,,342,571,0,0,571,572,Prakash Bharsakale Gunwant,,384,529,913,572,1485
Akola,,,Akot,28,,343,397,0,0,397,403,Prakash Bharsakale Gunwant,,159,581,740,403,1143
Akola,,,Akot,28,,1,14,15,0,29,17,Prakash Bharsakale Gunwant,,4,86,90,17,107
Akola,,,Akot,28,,344,896,0,0,896,898,Prakash Bharsakale Gunwant,,430,810,1240,898,2138
Akola,,,Akot,28,,345,260,0,0,260,260,Prakash Bharsakale Gunwant,,158,447,605,260,865
Akola,,,Akot,28,,346,276,0,0,276,276,Prakash Bharsakale Gunwant,,194,428,622,276,898
TOTAL,,,,,,,8076941,210,391820,8077151,8282540,,,3328240,5306176,8634416,8282540,16916956
