District Name,District No,Jilha,Constituency Name,Constituency No,Total No. of Electors,Serial Poll,Total No. Valid Votes,No. of Rejected Votes,NOTA,Total,No. of Tendered Votes,Elected Person Name,Party Name of Elected Person,No. of Valid Votes Cast in Favour of Elected Person,Other Candidate Votes,Total EVM Votes,Total Postal ballot votes,Total Votes Polled
Ahmednagar,,,Shevgaon,222,,1,2,0,0,2,0,ELABAS KABMIRT HSAHBUS,,55,858,913,0,913
Ahmednagar,,,Shevgaon,222,,2,2,4,0,6,1,ELABAS KABMIRT HSAHBUS,,85,914,999,1,1000
Ahmednagar,,,Shevgaon,222,,3,1,0,0,1,1,ELABAS KABMIRT HSAHBUS,,105,843,948,1,949
Ahmednagar,,,Shevgaon,222,,4,0,2,0,2,0,ELABAS KABMIRT HSAHBUS,,97,831,928,0,928
Ahmednagar,,,Shevgaon,222,,5,2,1,0,3,1,ELABAS KABMIRT HSAHBUS,,45,679,724,1,725
Ahmednagar,,,Shevgaon,222,,6,2,0,0,2,1,ELABAS KABMIRT HSAHBUS,,66,642,708,1,709
Ahmednagar,,,Shevgaon,222,,7,1,1,0,2,3,ELABAS KABMIRT HSAHBUS,,209,1018,1227,3,1230
Ahmednagar,,,Shevgaon,222,,8,3,0,0,3,0,ELABAS KABMIRT HSAHBUS,,128,708,836,0,836
Ahmednagar,,,Shevgaon,222,,9,2,0,0,2,1,ELABAS KABMIRT HSAHBUS,,110,667,777,1,778
Ahmednagar,,,Shevgaon,222,,10,6,0,0,6,1,ELABAS KABMIRT HSAHBUS,,302,728,1030,1,1031
Ahmednagar,,,Shevgaon,222,,11,4,0,0,4,1,ELABAS KABMIRT HSAHBUS,,248,833,1081,1,1082
Ahmednagar,,,Shevgaon,222,,12,6,0,0,6,0,ELABAS KABMIRT HSAHBUS,,241,597,838,0,838
Ahmednagar,,,Shevgaon,222,,13,5,2,0,7,0,ELABAS KABMIRT HSAHBUS,,220,682,902,0,902
Ahmednagar,,,Shevgaon,222,,14,1,0,0,1,0,ELABAS KABMIRT HSAHBUS,,177,846,1023,0,1023
Ahmednagar,,,Shevgaon,222,,15,6,2,0,8,0,ELABAS KABMIRT HSAHBUS,,291,541,832,0,832
Ahmednagar,,,Shevgaon,222,,16,0,1,0,1,0,ELABAS KABMIRT HSAHBUS,,107,336,443,0,443
Ahmednagar,,,Shevgaon,222,,17,1,0,0,1,1,ELABAS KABMIRT HSAHBUS,,156,449,605,1,606
Ahmednagar,,,Shevgaon,222,,18,2,0,0,2,1,ELABAS KABMIRT HSAHBUS,,179,493,672,1,673
Ahmednagar,,,Shevgaon,222,,19,0,0,0,0,4,ELABAS KABMIRT HSAHBUS,,227,517,744,4,748
Ahmednagar,,,Shevgaon,222,,20,3,0,0,3,1,ELABAS KABMIRT HSAHBUS,,398,596,994,1,995
Ahmednagar,,,Shevgaon,222,,21,3,2,0,5,1,ELABAS KABMIRT HSAHBUS,,317,622,939,1,940
Ahmednagar,,,Shevgaon,222,,22,2,1,0,3,1,ELABAS KABMIRT HSAHBUS,,464,542,1006,1,1007
Ahmednagar,,,Shevgaon,222,,23,1,2,0,3,0,ELABAS KABMIRT HSAHBUS,,340,631,971,0,971
Ahmednagar,,,Shevgaon,222,,24,5,0,0,5,0,ELABAS KABMIRT HSAHBUS,,186,511,697,0,697
Ahmednagar,,,Shevgaon,222,,25,2,1,0,3,1,ELABAS KABMIRT HSAHBUS,,213,505,718,1,719
Ahmednagar,,,Shevgaon,222,,26,4,1,0,5,1,ELABAS KABMIRT HSAHBUS,,271,450,721,1,722
Ahmednagar,,,Shevgaon,222,,27,12,1,0,13,3,ELABAS KABMIRT HSAHBUS,,305,682,987,3,990
Ahmednagar,,,Shevgaon,222,,28,13,2,0,15,4,ELABAS KABMIRT HSAHBUS,,333,739,1072,4,1076
Ahmednagar,,,Shevgaon,222,,29,0,0,0,0,2,ELABAS KABMIRT HSAHBUS,,347,437,784,2,786
Ahmednagar,,,Shevgaon,222,,30,4,0,0,4,0,ELABAS KABMIRT HSAHBUS,,414,337,751,0,751
Ahmednagar,,,Shevgaon,222,,31,5,0,0,5,0,ELABAS KABMIRT HSAHBUS,,197,544,741,0,741
Ahmednagar,,,Shevgaon,222,,32,1,1,0,2,1,ELABAS KABMIRT HSAHBUS,,216,315,531,1,532
Ahmednagar,,,Shevgaon,222,,33,0,0,0,0,0,ELABAS KABMIRT HSAHBUS,,238,294,532,0,532
Ahmednagar,,,Shevgaon,222,,34,7,1,0,8,4,ELABAS KABMIRT HSAHBUS,,196,824,1020,4,1024
Ahmednagar,,,Shevgaon,222,,35,1,0,0,1,2,ELABAS KABMIRT HSAHBUS,,472,575,1047,2,1049
Ahmednagar,,,Shevgaon,222,,36,2,0,0,2,1,ELABAS KABMIRT HSAHBUS,,231,503,734,1,735
Ahmednagar,,,Shevgaon,222,,37,0,0,0,0,0,ELABAS KABMIRT HSAHBUS,,0,37,37,0,37
Ahmednagar,,,Shevgaon,222,,38,11,0,0,11,0,ELABAS KABMIRT HSAHBUS,,278,550,828,0,828
Ahmednagar,,,Shevgaon,222,,39,2,1,0,3,1,ELABAS KABMIRT HSAHBUS,,255,545,800,1,801
Ahmednagar,,,Shevgaon,222,,40,4,0,0,4,1,ELABAS KABMIRT HSAHBUS,,175,329,504,1,505
Ahmednagar,,,Shevgaon,222,,41,1,0,0,1,4,ELABAS KABMIRT HSAHBUS,,353,604,957,4,961
Ahmednagar,,,Shevgaon,222,,42,12,0,0,12,1,ELABAS KABMIRT HSAHBUS,,207,856,1063,1,1064
Ahmednagar,,,Shevgaon,222,,44,2,0,0,2,1,ELABAS KABMIRT HSAHBUS,,247,548,795,1,796
Ahmednagar,,,Shevgaon,222,,45,1,0,0,1,2,ELABAS KABMIRT HSAHBUS,,149,516,665,2,667
Ahmednagar,,,Shevgaon,222,,46,1,0,0,1,1,ELABAS KABMIRT HSAHBUS,,148,555,703,1,704
Ahmednagar,,,Shevgaon,222,,47,3,1,0,4,1,ELABAS KABMIRT HSAHBUS,,121,485,606,1,607
Ahmednagar,,,Shevgaon,222,,48,1,0,0,1,0,ELABAS KABMIRT HSAHBUS,,139,496,635,0,635
Ahmednagar,,,Shevgaon,222,,49,2,0,0,2,1,ELABAS KABMIRT HSAHBUS,,181,475,656,1,657
Ahmednagar,,,Shevgaon,222,,50,0,2,0,2,4,ELABAS KABMIRT HSAHBUS,,142,471,613,4,617
Ahmednagar,,,Shevgaon,222,,51,5,1,0,6,1,ELABAS KABMIRT HSAHBUS,,222,650,872,1,873
Ahmednagar,,,Shevgaon,222,,52,0,0,0,0,0,ELABAS KABMIRT HSAHBUS,,99,269,368,0,368
Ahmednagar,,,Shevgaon,222,,53,0,0,0,0,1,ELABAS KABMIRT HSAHBUS,,316,263,579,1,580
Ahmednagar,,,Shevgaon,222,,54,5,1,0,6,3,ELABAS KABMIRT HSAHBUS,,153,656,809,3,812
Ahmednagar,,,Shevgaon,222,,55,6,0,0,6,0,ELABAS KABMIRT HSAHBUS,,131,467,598,0,598
Ahmednagar,,,Shevgaon,222,,56,6,0,0,6,2,ELABAS KABMIRT HSAHBUS,,315,402,717,2,719
Ahmednagar,,,Shevgaon,222,,57,6,0,0,6,0,ELABAS KABMIRT HSAHBUS,,147,551,698,0,698
Ahmednagar,,,Shevgaon,222,,58,13,0,0,13,1,ELABAS KABMIRT HSAHBUS,,136,615,751,1,752
Ahmednagar,,,Shevgaon,222,,59,3,0,0,3,0,ELABAS KABMIRT HSAHBUS,,187,447,634,0,634
Ahmednagar,,,Shevgaon,222,,60,4,0,0,4,1,ELABAS KABMIRT HSAHBUS,,112,542,654,1,655
Ahmednagar,,,Shevgaon,222,,61,0,0,0,0,0,ELABAS KABMIRT HSAHBUS,,203,435,638,0,638
Ahmednagar,,,Shevgaon,222,,62,2,0,0,2,0,ELABAS KABMIRT HSAHBUS,,284,634,918,0,918
Ahmednagar,,,Shevgaon,222,,63,2,0,0,2,2,ELABAS KABMIRT HSAHBUS,,332,472,804,2,806
Ahmednagar,,,Shevgaon,222,,64,1,0,0,1,0,ELABAS KABMIRT HSAHBUS,,233,405,638,0,638
Ahmednagar,,,Shevgaon,222,,65,2,1,0,3,0,ELABAS KABMIRT HSAHBUS,,281,569,850,0,850
Ahmednagar,,,Shevgaon,222,,66,3,2,0,5,2,ELABAS KABMIRT HSAHBUS,,281,348,629,2,631
Ahmednagar,,,Shevgaon,222,,67,2,1,0,3,0,ELABAS KABMIRT HSAHBUS,,226,439,665,0,665
Ahmednagar,,,Shevgaon,222,,68,10,0,0,10,3,ELABAS KABMIRT HSAHBUS,,149,435,584,3,587
Ahmednagar,,,Shevgaon,222,,69,7,0,0,7,1,ELABAS KABMIRT HSAHBUS,,317,703,1020,1,1021
Ahmednagar,,,Shevgaon,222,,70,6,0,0,6,0,ELABAS KABMIRT HSAHBUS,,358,724,1082,0,1082
Ahmednagar,,,Shevgaon,222,,71,2,0,0,2,0,ELABAS KABMIRT HSAHBUS,,555,343,898,0,898
Ahmednagar,,,Shevgaon,222,,72,3,0,0,3,2,ELABAS KABMIRT HSAHBUS,,213,603,816,2,818
Ahmednagar,,,Shevgaon,222,,73,4,0,0,4,1,ELABAS KABMIRT HSAHBUS,,422,525,947,1,948
Ahmednagar,,,Shevgaon,222,,74,3,0,0,3,0,ELABAS KABMIRT HSAHBUS,,449,350,799,0,799
Ahmednagar,,,Shevgaon,222,,75,4,1,0,5,0,ELABAS KABMIRT HSAHBUS,,245,469,714,0,714
Ahmednagar,,,Shevgaon,222,,76,4,1,0,5,1,ELABAS KABMIRT HSAHBUS,,300,401,701,1,702
Ahmednagar,,,Shevgaon,222,,77,1,0,0,1,0,ELABAS KABMIRT HSAHBUS,,151,505,656,0,656
Ahmednagar,,,Shevgaon,222,,78,3,0,0,3,1,ELABAS KABMIRT HSAHBUS,,20,698,718,1,719
Ahmednagar,,,Shevgaon,222,,79,8,0,0,8,5,ELABAS KABMIRT HSAHBUS,,377,667,1044,5,1049
Ahmednagar,,,Shevgaon,222,,80,0,0,0,0,0,ELABAS KABMIRT HSAHBUS,,391,409,800,0,800
Ahmednagar,,,Shevgaon,222,,81,2,0,0,2,3,ELABAS KABMIRT HSAHBUS,,632,373,1005,3,1008
Ahmednagar,,,Shevgaon,222,,82,1,1,0,2,0,ELABAS KABMIRT HSAHBUS,,490,399,889,0,889
Ahmednagar,,,Shevgaon,222,,83,1,0,0,1,0,ELABAS KABMIRT HSAHBUS,,365,483,848,0,848
Ahmednagar,,,Shevgaon,222,,84,1,1,0,2,3,ELABAS KABMIRT HSAHBUS,,566,425,991,3,994
Ahmednagar,,,Shevgaon,222,,85,4,1,0,5,2,ELABAS KABMIRT HSAHBUS,,173,543,716,2,718
Ahmednagar,,,Shevgaon,222,,87,4,0,0,4,4,ELABAS KABMIRT HSAHBUS,,333,654,987,4,991
Ahmednagar,,,Shevgaon,222,,88,3,1,0,4,2,ELABAS KABMIRT HSAHBUS,,334,559,893,2,895
Ahmednagar,,,Shevgaon,222,,89,8,1,0,9,4,ELABAS KABMIRT HSAHBUS,,264,496,760,4,764
Ahmednagar,,,Shevgaon,222,,90,7,0,0,7,1,ELABAS KABMIRT HSAHBUS,,105,526,631,1,632
Ahmednagar,,,Shevgaon,222,,91,5,0,0,5,0,ELABAS KABMIRT HSAHBUS,,181,445,626,0,626
Ahmednagar,,,Shevgaon,222,,92,2,0,0,2,1,ELABAS KABMIRT HSAHBUS,,194,635,829,1,830
Ahmednagar,,,Shevgaon,222,,93,4,2,0,6,0,ELABAS KABMIRT HSAHBUS,,257,539,796,0,796
Ahmednagar,,,Shevgaon,222,,94,1,0,0,1,1,ELABAS KABMIRT HSAHBUS,,302,535,837,1,838
Ahmednagar,,,Shevgaon,222,,95,2,0,0,2,0,ELABAS KABMIRT HSAHBUS,,327,588,915,0,915
Ahmednagar,,,Shevgaon,222,,96,7,1,0,8,6,ELABAS KABMIRT HSAHBUS,,282,707,989,6,995
Ahmednagar,,,Shevgaon,222,,97,15,1,0,16,14,ELABAS KABMIRT HSAHBUS,,241,641,882,14,896
Ahmednagar,,,Shevgaon,222,,98,8,0,0,8,1,ELABAS KABMIRT HSAHBUS,,431,546,977,1,978
Ahmednagar,,,Shevgaon,222,,99,3,0,0,3,3,ELABAS KABMIRT HSAHBUS,,328,738,1066,3,1069
Ahmednagar,,,Shevgaon,222,,100,5,0,0,5,0,ELABAS KABMIRT HSAHBUS,,338,748,1086,0,1086
Ahmednagar,,,Shevgaon,222,,101,6,2,0,8,0,ELABAS KABMIRT HSAHBUS,,449,476,925,0,925
Ahmednagar,,,Shevgaon,222,,102,3,0,0,3,3,ELABAS KABMIRT HSAHBUS,,346,430,776,3,779
Ahmednagar,,,Shevgaon,222,,103,8,0,0,8,3,ELABAS KABMIRT HSAHBUS,,222,466,688,3,691
Ahmednagar,,,Shevgaon,222,,104,7,1,0,8,0,ELABAS KABMIRT HSAHBUS,,142,498,640,0,640
Ahmednagar,,,Shevgaon,222,,105,4,1,0,5,3,ELABAS KABMIRT HSAHBUS,,172,637,809,3,812
Ahmednagar,,,Shevgaon,222,,106,14,1,0,15,3,ELABAS KABMIRT HSAHBUS,,334,641,975,3,978
Ahmednagar,,,Shevgaon,222,,107,6,1,0,7,1,ELABAS KABMIRT HSAHBUS,,272,738,1010,1,1011
Ahmednagar,,,Shevgaon,222,,108,9,2,0,11,4,ELABAS KABMIRT HSAHBUS,,254,731,985,4,989
Ahmednagar,,,Shevgaon,222,,109,6,1,0,7,4,ELABAS KABMIRT HSAHBUS,,174,667,841,4,845
Ahmednagar,,,Shevgaon,222,,110,7,0,0,7,0,ELABAS KABMIRT HSAHBUS,,204,631,835,0,835
Ahmednagar,,,Shevgaon,222,,111,2,0,0,2,0,ELABAS KABMIRT HSAHBUS,,249,443,692,0,692
Ahmednagar,,,Shevgaon,222,,112,2,0,0,2,0,ELABAS KABMIRT HSAHBUS,,121,448,569,0,569
Ahmednagar,,,Shevgaon,222,,113,3,1,0,4,0,ELABAS KABMIRT HSAHBUS,,136,535,671,0,671
Ahmednagar,,,Shevgaon,222,,114,5,1,0,6,0,ELABAS KABMIRT HSAHBUS,,246,465,711,0,711
Ahmednagar,,,Shevgaon,222,,115,7,0,0,7,2,ELABAS KABMIRT HSAHBUS,,183,766,949,2,951
Ahmednagar,,,Shevgaon,222,,116,9,2,0,11,4,ELABAS KABMIRT HSAHBUS,,255,597,852,4,856
Ahmednagar,,,Shevgaon,222,,117,4,0,0,4,1,ELABAS KABMIRT HSAHBUS,,94,584,678,1,679
Ahmednagar,,,Shevgaon,222,,118,7,0,0,7,1,ELABAS KABMIRT HSAHBUS,,150,555,705,1,706
Ahmednagar,,,Shevgaon,222,,119,9,1,0,10,1,ELABAS KABMIRT HSAHBUS,,461,487,948,1,949
Ahmednagar,,,Shevgaon,222,,120,5,1,0,6,1,ELABAS KABMIRT HSAHBUS,,373,562,935,1,936
Ahmednagar,,,Shevgaon,222,,121,5,0,0,5,1,ELABAS KABMIRT HSAHBUS,,221,552,773,1,774
Ahmednagar,,,Shevgaon,222,,122,7,2,0,9,1,ELABAS KABMIRT HSAHBUS,,412,541,953,1,954
Ahmednagar,,,Shevgaon,222,,123,4,0,0,4,0,ELABAS KABMIRT HSAHBUS,,172,829,1001,0,1001
Ahmednagar,,,Shevgaon,222,,124,5,1,0,6,0,ELABAS KABMIRT HSAHBUS,,94,742,836,0,836
Ahmednagar,,,Shevgaon,222,,125,8,0,0,8,0,ELABAS KABMIRT HSAHBUS,,365,759,1124,0,1124
Ahmednagar,,,Shevgaon,222,,126,3,0,0,3,0,ELABAS KABMIRT HSAHBUS,,259,480,739,0,739
Ahmednagar,,,Shevgaon,222,,127,4,0,0,4,1,ELABAS KABMIRT HSAHBUS,,345,459,804,1,805
Ahmednagar,,,Shevgaon,222,,128,7,0,0,7,3,ELABAS KABMIRT HSAHBUS,,231,675,906,3,909
Ahmednagar,,,Shevgaon,222,,130,3,2,0,5,0,ELABAS KABMIRT HSAHBUS,,202,537,739,0,739
Ahmednagar,,,Shevgaon,222,,131,7,0,0,7,0,ELABAS KABMIRT HSAHBUS,,292,699,991,0,991
Ahmednagar,,,Shevgaon,222,,132,9,1,0,10,1,ELABAS KABMIRT HSAHBUS,,257,767,1024,1,1025
Ahmednagar,,,Shevgaon,222,,133,3,2,0,5,1,ELABAS KABMIRT HSAHBUS,,436,664,1100,1,1101
Ahmednagar,,,Shevgaon,222,,134,4,0,0,4,3,ELABAS KABMIRT HSAHBUS,,426,588,1014,3,1017
Ahmednagar,,,Shevgaon,222,,135,2,0,0,2,3,ELABAS KABMIRT HSAHBUS,,352,540,892,3,895
Ahmednagar,,,Shevgaon,222,,136,4,1,0,5,2,ELABAS KABMIRT HSAHBUS,,318,775,1093,2,1095
Ahmednagar,,,Shevgaon,222,,137,2,0,0,2,4,ELABAS KABMIRT HSAHBUS,,670,481,1151,4,1155
Ahmednagar,,,Shevgaon,222,,138,4,0,0,4,0,ELABAS KABMIRT HSAHBUS,,338,639,977,0,977
Ahmednagar,,,Shevgaon,222,,139,6,0,0,6,0,ELABAS KABMIRT HSAHBUS,,275,569,844,0,844
Ahmednagar,,,Shevgaon,222,,140,9,0,0,9,0,ELABAS KABMIRT HSAHBUS,,258,526,784,0,784
Ahmednagar,,,Shevgaon,222,,141,1,0,0,1,0,ELABAS KABMIRT HSAHBUS,,578,601,1179,0,1179
Ahmednagar,,,Shevgaon,222,,142,3,0,0,3,1,ELABAS KABMIRT HSAHBUS,,409,613,1022,1,1023
Ahmednagar,,,Shevgaon,222,,143,2,2,0,4,0,ELABAS KABMIRT HSAHBUS,,338,690,1028,0,1028
Ahmednagar,,,Shevgaon,222,,144,3,0,0,3,0,ELABAS KABMIRT HSAHBUS,,322,587,909,0,909
Ahmednagar,,,Shevgaon,222,,145,8,1,0,9,1,ELABAS KABMIRT HSAHBUS,,212,866,1078,1,1079
Ahmednagar,,,Shevgaon,222,,146,4,1,0,5,2,ELABAS KABMIRT HSAHBUS,,255,605,860,2,862
Ahmednagar,,,Shevgaon,222,,147,4,1,0,5,3,ELABAS KABMIRT HSAHBUS,,456,610,1066,3,1069
Ahmednagar,,,Shevgaon,222,,148,7,0,0,7,3,ELABAS KABMIRT HSAHBUS,,441,545,986,3,989
Ahmednagar,,,Shevgaon,222,,149,4,2,0,6,2,ELABAS KABMIRT HSAHBUS,,269,457,726,2,728
Ahmednagar,,,Shevgaon,222,,150,0,0,0,0,0,ELABAS KABMIRT HSAHBUS,,412,320,732,0,732
Ahmednagar,,,Shevgaon,222,,151,3,0,0,3,0,ELABAS KABMIRT HSAHBUS,,233,329,562,0,562
Ahmednagar,,,Shevgaon,222,,152,4,0,0,4,3,ELABAS KABMIRT HSAHBUS,,538,552,1090,3,1093
Ahmednagar,,,Shevgaon,222,,153,5,2,0,7,4,ELABAS KABMIRT HSAHBUS,,341,488,829,4,833
Ahmednagar,,,Shevgaon,222,,154,3,0,0,3,1,ELABAS KABMIRT HSAHBUS,,718,255,973,1,974
Ahmednagar,,,Shevgaon,222,,155,1,0,0,1,1,ELABAS KABMIRT HSAHBUS,,556,221,777,1,778
Ahmednagar,,,Shevgaon,222,,156,2,0,0,2,1,ELABAS KABMIRT HSAHBUS,,776,321,1097,1,1098
Ahmednagar,,,Shevgaon,222,,157,3,0,0,3,5,ELABAS KABMIRT HSAHBUS,,548,393,941,5,946
Ahmednagar,,,Shevgaon,222,,158,3,1,0,4,0,ELABAS KABMIRT HSAHBUS,,472,404,876,0,876
Ahmednagar,,,Shevgaon,222,,159,9,1,0,10,0,ELABAS KABMIRT HSAHBUS,,364,600,964,0,964
Ahmednagar,,,Shevgaon,222,,160,7,0,0,7,0,ELABAS KABMIRT HSAHBUS,,412,563,975,0,975
Ahmednagar,,,Shevgaon,222,,161,1,0,0,1,0,ELABAS KABMIRT HSAHBUS,,415,539,954,0,954
Ahmednagar,,,Shevgaon,222,,162,1,0,0,1,0,ELABAS KABMIRT HSAHBUS,,280,462,742,0,742
Ahmednagar,,,Shevgaon,222,,163,2,0,0,2,2,ELABAS KABMIRT HSAHBUS,,720,359,1079,2,1081
Ahmednagar,,,Shevgaon,222,,164,4,0,0,4,5,ELABAS KABMIRT HSAHBUS,,220,513,733,5,738
Ahmednagar,,,Shevgaon,222,,165,1,2,0,3,3,ELABAS KABMIRT HSAHBUS,,201,521,722,3,725
Ahmednagar,,,Shevgaon,222,,166,1,0,0,1,0,ELABAS KABMIRT HSAHBUS,,520,269,789,0,789
Ahmednagar,,,Shevgaon,222,,167,12,0,0,12,2,ELABAS KABMIRT HSAHBUS,,543,534,1077,2,1079
Ahmednagar,,,Shevgaon,222,,168,5,2,0,7,1,ELABAS KABMIRT HSAHBUS,,666,503,1169,1,1170
Ahmednagar,,,Shevgaon,222,,169,3,0,0,3,3,ELABAS KABMIRT HSAHBUS,,412,594,1006,3,1009
Ahmednagar,,,Shevgaon,222,,170,2,0,0,2,3,ELABAS KABMIRT HSAHBUS,,215,439,654,3,657
Ahmednagar,,,Shevgaon,222,,171,0,0,0,0,0,ELABAS KABMIRT HSAHBUS,,247,253,500,0,500
Ahmednagar,,,Shevgaon,222,,173,4,0,0,4,1,ELABAS KABMIRT HSAHBUS,,576,388,964,1,965
Ahmednagar,,,Shevgaon,222,,174,1,0,0,1,1,ELABAS KABMIRT HSAHBUS,,411,313,724,1,725
Ahmednagar,,,Shevgaon,222,,175,0,1,0,1,5,ELABAS KABMIRT HSAHBUS,,347,333,680,5,685
Ahmednagar,,,Shevgaon,222,,176,2,0,0,2,0,ELABAS KABMIRT HSAHBUS,,290,426,716,0,716
Ahmednagar,,,Shevgaon,222,,177,2,0,0,2,0,ELABAS KABMIRT HSAHBUS,,288,344,632,0,632
Ahmednagar,,,Shevgaon,222,,178,8,0,0,8,0,ELABAS KABMIRT HSAHBUS,,240,894,1134,0,1134
Ahmednagar,,,Shevgaon,222,,179,17,3,0,20,0,ELABAS KABMIRT HSAHBUS,,287,914,1201,0,1201
Ahmednagar,,,Shevgaon,222,,180,2,0,0,2,7,ELABAS KABMIRT HSAHBUS,,464,510,974,7,981
Ahmednagar,,,Shevgaon,222,,181,9,1,0,10,0,ELABAS KABMIRT HSAHBUS,,320,600,920,0,920
Ahmednagar,,,Shevgaon,222,,182,11,2,0,13,0,ELABAS KABMIRT HSAHBUS,,384,531,915,0,915
Ahmednagar,,,Shevgaon,222,,183,11,0,0,11,0,ELABAS KABMIRT HSAHBUS,,245,723,968,0,968
Ahmednagar,,,Shevgaon,222,,184,4,0,0,4,2,ELABAS KABMIRT HSAHBUS,,208,736,944,2,946
Ahmednagar,,,Shevgaon,222,,185,3,0,0,3,1,ELABAS KABMIRT HSAHBUS,,68,446,514,1,515
Ahmednagar,,,Shevgaon,222,,186,4,0,0,4,0,ELABAS KABMIRT HSAHBUS,,147,732,879,0,879
Ahmednagar,,,Shevgaon,222,,187,1,0,0,1,0,ELABAS KABMIRT HSAHBUS,,54,527,581,0,581
Ahmednagar,,,Shevgaon,222,,188,13,0,0,13,3,ELABAS KABMIRT HSAHBUS,,128,746,874,3,877
Ahmednagar,,,Shevgaon,222,,189,11,1,0,12,2,ELABAS KABMIRT HSAHBUS,,64,637,701,2,703
Ahmednagar,,,Shevgaon,222,,190,0,0,0,0,0,ELABAS KABMIRT HSAHBUS,,271,638,909,0,909
Ahmednagar,,,Shevgaon,222,,191,4,0,0,4,3,ELABAS KABMIRT HSAHBUS,,119,710,829,3,832
Ahmednagar,,,Shevgaon,222,,192,5,2,0,7,2,ELABAS KABMIRT HSAHBUS,,106,846,952,2,954
Ahmednagar,,,Shevgaon,222,,193,4,1,0,5,0,ELABAS KABMIRT HSAHBUS,,232,862,1094,0,1094
Ahmednagar,,,Shevgaon,222,,194,15,0,0,15,2,ELABAS KABMIRT HSAHBUS,,245,792,1037,2,1039
Ahmednagar,,,Shevgaon,222,,195,12,3,0,15,1,ELABAS KABMIRT HSAHBUS,,256,871,1127,1,1128
Ahmednagar,,,Shevgaon,222,,196,10,0,0,10,1,ELABAS KABMIRT HSAHBUS,,197,637,834,1,835
Ahmednagar,,,Shevgaon,222,,197,8,1,0,9,1,ELABAS KABMIRT HSAHBUS,,148,567,715,1,716
Ahmednagar,,,Shevgaon,222,,198,9,1,0,10,0,ELABAS KABMIRT HSAHBUS,,375,850,1225,0,1225
Ahmednagar,,,Shevgaon,222,,199,13,0,0,13,3,ELABAS KABMIRT HSAHBUS,,449,782,1231,3,1234
Ahmednagar,,,Shevgaon,222,,200,6,2,0,8,1,ELABAS KABMIRT HSAHBUS,,310,981,1291,1,1292
Ahmednagar,,,Shevgaon,222,,201,6,0,0,6,1,ELABAS KABMIRT HSAHBUS,,460,836,1296,1,1297
Ahmednagar,,,Shevgaon,222,,202,13,0,0,13,9,ELABAS KABMIRT HSAHBUS,,243,910,1153,9,1162
Ahmednagar,,,Shevgaon,222,,203,3,0,0,3,2,ELABAS KABMIRT HSAHBUS,,321,732,1053,2,1055
Ahmednagar,,,Shevgaon,222,,204,12,0,0,12,8,ELABAS KABMIRT HSAHBUS,,319,681,1000,8,1008
Ahmednagar,,,Shevgaon,222,,205,8,3,0,11,1,ELABAS KABMIRT HSAHBUS,,372,738,1110,1,1111
Ahmednagar,,,Shevgaon,222,,206,7,1,0,8,0,ELABAS KABMIRT HSAHBUS,,194,590,784,0,784
Ahmednagar,,,Shevgaon,222,,207,4,1,0,5,2,ELABAS KABMIRT HSAHBUS,,239,573,812,2,814
Ahmednagar,,,Shevgaon,222,,208,5,8,0,13,0,ELABAS KABMIRT HSAHBUS,,258,622,880,0,880
Ahmednagar,,,Shevgaon,222,,209,7,0,0,7,1,ELABAS KABMIRT HSAHBUS,,309,713,1022,1,1023
Ahmednagar,,,Shevgaon,222,,210,6,0,0,6,1,ELABAS KABMIRT HSAHBUS,,230,612,842,1,843
Ahmednagar,,,Shevgaon,222,,211,4,0,0,4,2,ELABAS KABMIRT HSAHBUS,,253,789,1042,2,1044
Ahmednagar,,,Shevgaon,222,,212,9,1,0,10,1,ELABAS KABMIRT HSAHBUS,,240,897,1137,1,1138
Ahmednagar,,,Shevgaon,222,,213,0,0,0,0,0,ELABAS KABMIRT HSAHBUS,,119,458,577,0,577
Ahmednagar,,,Shevgaon,222,,214,1,0,0,1,0,ELABAS KABMIRT HSAHBUS,,251,483,734,0,734
Ahmednagar,,,Shevgaon,222,,216,9,2,0,11,1,ELABAS KABMIRT HSAHBUS,,220,771,991,1,992
Ahmednagar,,,Shevgaon,222,,217,11,1,0,12,0,ELABAS KABMIRT HSAHBUS,,245,568,813,0,813
Ahmednagar,,,Shevgaon,222,,218,6,1,0,7,0,ELABAS KABMIRT HSAHBUS,,176,796,972,0,972
Ahmednagar,,,Shevgaon,222,,219,6,0,0,6,1,ELABAS KABMIRT HSAHBUS,,97,484,581,1,582
Ahmednagar,,,Shevgaon,222,,220,5,0,0,5,1,ELABAS KABMIRT HSAHBUS,,173,572,745,1,746
Ahmednagar,,,Shevgaon,222,,221,7,0,0,7,1,ELABAS KABMIRT HSAHBUS,,295,468,763,1,764
Ahmednagar,,,Shevgaon,222,,222,4,1,0,5,3,ELABAS KABMIRT HSAHBUS,,503,542,1045,3,1048
Ahmednagar,,,Shevgaon,222,,223,6,0,0,6,2,ELABAS KABMIRT HSAHBUS,,424,539,963,2,965
Ahmednagar,,,Shevgaon,222,,224,4,0,0,4,3,ELABAS KABMIRT HSAHBUS,,420,620,1040,3,1043
Ahmednagar,,,Shevgaon,222,,225,1,1,0,2,0,ELABAS KABMIRT HSAHBUS,,413,712,1125,0,1125
Ahmednagar,,,Shevgaon,222,,226,8,0,0,8,0,ELABAS KABMIRT HSAHBUS,,191,813,1004,0,1004
Ahmednagar,,,Shevgaon,222,,227,6,2,0,8,2,ELABAS KABMIRT HSAHBUS,,275,373,648,2,650
Ahmednagar,,,Shevgaon,222,,228,1,0,0,1,2,ELABAS KABMIRT HSAHBUS,,326,361,687,2,689
Ahmednagar,,,Shevgaon,222,,229,1,0,0,1,0,ELABAS KABMIRT HSAHBUS,,240,538,778,0,778
Ahmednagar,,,Shevgaon,222,,230,3,0,0,3,1,ELABAS KABMIRT HSAHBUS,,249,477,726,1,727
Ahmednagar,,,Shevgaon,222,,231,5,0,0,5,1,ELABAS KABMIRT HSAHBUS,,238,691,929,1,930
Ahmednagar,,,Shevgaon,222,,232,11,1,0,12,1,ELABAS KABMIRT HSAHBUS,,477,672,1149,1,1150
Ahmednagar,,,Shevgaon,222,,233,1,1,0,2,0,ELABAS KABMIRT HSAHBUS,,303,488,791,0,791
Ahmednagar,,,Shevgaon,222,,234,5,0,0,5,0,ELABAS KABMIRT HSAHBUS,,553,573,1126,0,1126
Ahmednagar,,,Shevgaon,222,,235,4,2,0,6,0,ELABAS KABMIRT HSAHBUS,,278,696,974,0,974
Ahmednagar,,,Shevgaon,222,,236,4,2,0,6,0,ELABAS KABMIRT HSAHBUS,,319,660,979,0,979
Ahmednagar,,,Shevgaon,222,,237,5,0,0,5,0,ELABAS KABMIRT HSAHBUS,,212,506,718,0,718
Ahmednagar,,,Shevgaon,222,,238,0,0,0,0,0,ELABAS KABMIRT HSAHBUS,,128,480,608,0,608
Ahmednagar,,,Shevgaon,222,,239,5,0,0,5,0,ELABAS KABMIRT HSAHBUS,,196,676,872,0,872
Ahmednagar,,,Shevgaon,222,,240,4,0,0,4,0,ELABAS KABMIRT HSAHBUS,,249,711,960,0,960
Ahmednagar,,,Shevgaon,222,,241,0,0,0,0,2,ELABAS KABMIRT HSAHBUS,,88,427,515,2,517
Ahmednagar,,,Shevgaon,222,,242,3,0,0,3,0,ELABAS KABMIRT HSAHBUS,,225,663,888,0,888
Ahmednagar,,,Shevgaon,222,,243,2,1,0,3,0,ELABAS KABMIRT HSAHBUS,,488,603,1091,0,1091
Ahmednagar,,,Shevgaon,222,,244,2,0,0,2,0,ELABAS KABMIRT HSAHBUS,,468,586,1054,0,1054
Ahmednagar,,,Shevgaon,222,,245,1,0,0,1,2,ELABAS KABMIRT HSAHBUS,,278,770,1048,2,1050
Ahmednagar,,,Shevgaon,222,,246,3,1,0,4,1,ELABAS KABMIRT HSAHBUS,,244,505,749,1,750
Ahmednagar,,,Shevgaon,222,,247,4,0,0,4,0,ELABAS KABMIRT HSAHBUS,,408,634,1042,0,1042
Ahmednagar,,,Shevgaon,222,,248,3,1,0,4,1,ELABAS KABMIRT HSAHBUS,,429,665,1094,1,1095
Ahmednagar,,,Shevgaon,222,,249,1,0,0,1,0,ELABAS KABMIRT HSAHBUS,,433,626,1059,0,1059
Ahmednagar,,,Shevgaon,222,,250,4,1,0,5,1,ELABAS KABMIRT HSAHBUS,,258,520,778,1,779
Ahmednagar,,,Shevgaon,222,,251,4,1,0,5,3,ELABAS KABMIRT HSAHBUS,,527,544,1071,3,1074
Ahmednagar,,,Shevgaon,222,,252,4,1,0,5,0,ELABAS KABMIRT HSAHBUS,,288,665,953,0,953
Ahmednagar,,,Shevgaon,222,,253,1,1,0,2,2,ELABAS KABMIRT HSAHBUS,,244,596,840,2,842
Ahmednagar,,,Shevgaon,222,,254,4,3,0,7,9,ELABAS KABMIRT HSAHBUS,,601,607,1208,9,1217
Ahmednagar,,,Shevgaon,222,,255,5,2,0,7,1,ELABAS KABMIRT HSAHBUS,,443,620,1063,1,1064
Ahmednagar,,,Shevgaon,222,,256,5,1,0,6,1,ELABAS KABMIRT HSAHBUS,,210,535,745,1,746
Ahmednagar,,,Shevgaon,222,,257,9,2,0,11,2,ELABAS KABMIRT HSAHBUS,,518,580,1098,2,1100
Ahmednagar,,,Shevgaon,222,,259,8,2,0,10,2,ELABAS KABMIRT HSAHBUS,,646,518,1164,2,1166
Ahmednagar,,,Shevgaon,222,,260,7,0,0,7,1,ELABAS KABMIRT HSAHBUS,,555,611,1166,1,1167
Ahmednagar,,,Shevgaon,222,,261,8,0,0,8,2,ELABAS KABMIRT HSAHBUS,,485,561,1046,2,1048
Ahmednagar,,,Shevgaon,222,,262,3,0,0,3,0,ELABAS KABMIRT HSAHBUS,,188,379,567,0,567
Ahmednagar,,,Shevgaon,222,,263,7,2,0,9,1,ELABAS KABMIRT HSAHBUS,,83,661,744,1,745
Ahmednagar,,,Shevgaon,222,,264,12,0,0,12,2,ELABAS KABMIRT HSAHBUS,,280,601,881,2,883
Ahmednagar,,,Shevgaon,222,,265,15,2,0,17,2,ELABAS KABMIRT HSAHBUS,,201,968,1169,2,1171
Ahmednagar,,,Shevgaon,222,,266,5,1,0,6,1,ELABAS KABMIRT HSAHBUS,,215,829,1044,1,1045
Ahmednagar,,,Shevgaon,222,,267,11,1,0,12,3,ELABAS KABMIRT HSAHBUS,,193,886,1079,3,1082
Ahmednagar,,,Shevgaon,222,,268,6,1,0,7,2,ELABAS KABMIRT HSAHBUS,,306,657,963,2,965
Ahmednagar,,,Shevgaon,222,,269,10,2,0,12,1,ELABAS KABMIRT HSAHBUS,,335,688,1023,1,1024
Ahmednagar,,,Shevgaon,222,,270,9,2,0,11,0,ELABAS KABMIRT HSAHBUS,,213,942,1155,0,1155
Ahmednagar,,,Shevgaon,222,,271,10,1,0,11,1,ELABAS KABMIRT HSAHBUS,,167,938,1105,1,1106
Ahmednagar,,,Shevgaon,222,,272,9,1,0,10,1,ELABAS KABMIRT HSAHBUS,,178,1026,1204,1,1205
Ahmednagar,,,Shevgaon,222,,273,15,0,0,15,2,ELABAS KABMIRT HSAHBUS,,185,764,949,2,951
Ahmednagar,,,Shevgaon,222,,274,7,0,0,7,2,ELABAS KABMIRT HSAHBUS,,111,888,999,2,1001
Ahmednagar,,,Shevgaon,222,,275,5,0,0,5,0,ELABAS KABMIRT HSAHBUS,,307,589,896,0,896
Ahmednagar,,,Shevgaon,222,,276,4,0,0,4,1,ELABAS KABMIRT HSAHBUS,,292,814,1106,1,1107
Ahmednagar,,,Shevgaon,222,,277,4,0,0,4,2,ELABAS KABMIRT HSAHBUS,,182,654,836,2,838
Ahmednagar,,,Shevgaon,222,,278,10,1,0,11,7,ELABAS KABMIRT HSAHBUS,,211,533,744,7,751
Ahmednagar,,,Shevgaon,222,,279,6,0,0,6,4,ELABAS KABMIRT HSAHBUS,,148,959,1107,4,1111
Ahmednagar,,,Shevgaon,222,,280,4,0,0,4,3,ELABAS KABMIRT HSAHBUS,,210,628,838,3,841
Ahmednagar,,,Shevgaon,222,,281,6,0,0,6,3,ELABAS KABMIRT HSAHBUS,,98,458,556,3,559
Ahmednagar,,,Shevgaon,222,,282,12,1,0,13,5,ELABAS KABMIRT HSAHBUS,,276,919,1195,5,1200
Ahmednagar,,,Shevgaon,222,,283,8,4,0,12,6,ELABAS KABMIRT HSAHBUS,,170,690,860,6,866
Ahmednagar,,,Shevgaon,222,,284,6,0,0,6,5,ELABAS KABMIRT HSAHBUS,,271,807,1078,5,1083
Ahmednagar,,,Shevgaon,222,,285,10,3,0,13,0,ELABAS KABMIRT HSAHBUS,,286,825,1111,0,1111
Ahmednagar,,,Shevgaon,222,,286,10,2,0,12,5,ELABAS KABMIRT HSAHBUS,,277,810,1087,5,1092
Ahmednagar,,,Shevgaon,222,,287,3,0,0,3,1,ELABAS KABMIRT HSAHBUS,,57,566,623,1,624
Ahmednagar,,,Shevgaon,222,,288,2,1,0,3,1,ELABAS KABMIRT HSAHBUS,,106,543,649,1,650
Ahmednagar,,,Shevgaon,222,,289,4,0,0,4,1,ELABAS KABMIRT HSAHBUS,,81,822,903,1,904
Ahmednagar,,,Shevgaon,222,,290,8,0,0,8,2,ELABAS KABMIRT HSAHBUS,,181,823,1004,2,1006
Ahmednagar,,,Shevgaon,222,,291,4,1,0,5,1,ELABAS KABMIRT HSAHBUS,,122,736,858,1,859
Ahmednagar,,,Shevgaon,222,,292,12,2,0,14,1,ELABAS KABMIRT HSAHBUS,,334,720,1054,1,1055
Ahmednagar,,,Shevgaon,222,,293,10,1,0,11,1,ELABAS KABMIRT HSAHBUS,,244,654,898,1,899
Ahmednagar,,,Shevgaon,222,,294,4,0,0,4,0,ELABAS KABMIRT HSAHBUS,,160,583,743,0,743
Ahmednagar,,,Shevgaon,222,,295,16,1,0,17,1,ELABAS KABMIRT HSAHBUS,,121,853,974,1,975
Ahmednagar,,,Shevgaon,222,,296,5,0,0,5,1,ELABAS KABMIRT HSAHBUS,,144,666,810,1,811
Ahmednagar,,,Shevgaon,222,,297,8,1,0,9,1,ELABAS KABMIRT HSAHBUS,,83,784,867,1,868
Ahmednagar,,,Shevgaon,222,,298,16,1,0,17,5,ELABAS KABMIRT HSAHBUS,,221,879,1100,5,1105
Ahmednagar,,,Shevgaon,222,,299,4,1,0,5,5,ELABAS KABMIRT HSAHBUS,,60,467,527,5,532
Ahmednagar,,,Shevgaon,222,,300,8,0,0,8,1,ELABAS KABMIRT HSAHBUS,,110,697,807,1,808
Ahmednagar,,,Shevgaon,222,,302,14,2,0,16,6,ELABAS KABMIRT HSAHBUS,,291,681,972,6,978
Ahmednagar,,,Shevgaon,222,,303,13,2,0,15,3,ELABAS KABMIRT HSAHBUS,,290,847,1137,3,1140
Ahmednagar,,,Shevgaon,222,,304,1,1,0,2,3,ELABAS KABMIRT HSAHBUS,,236,455,691,3,694
Ahmednagar,,,Shevgaon,222,,305,3,0,0,3,1,ELABAS KABMIRT HSAHBUS,,214,745,959,1,960
Ahmednagar,,,Shevgaon,222,,306,4,1,0,5,1,ELABAS KABMIRT HSAHBUS,,132,745,877,1,878
Ahmednagar,,,Shevgaon,222,,307,8,1,0,9,1,ELABAS KABMIRT HSAHBUS,,181,754,935,1,936
Ahmednagar,,,Shevgaon,222,,308,9,1,0,10,1,ELABAS KABMIRT HSAHBUS,,131,512,643,1,644
Ahmednagar,,,Shevgaon,222,,309,8,1,0,9,4,ELABAS KABMIRT HSAHBUS,,209,707,916,4,920
Ahmednagar,,,Shevgaon,222,,310,11,0,0,11,1,ELABAS KABMIRT HSAHBUS,,219,849,1068,1,1069
Ahmednagar,,,Shevgaon,222,,311,6,3,0,9,4,ELABAS KABMIRT HSAHBUS,,355,626,981,4,985
Ahmednagar,,,Shevgaon,222,,312,3,1,0,4,1,ELABAS KABMIRT HSAHBUS,,458,490,948,1,949
Ahmednagar,,,Shevgaon,222,,313,6,1,0,7,1,ELABAS KABMIRT HSAHBUS,,80,567,647,1,648
Ahmednagar,,,Shevgaon,222,,314,2,1,0,3,0,ELABAS KABMIRT HSAHBUS,,48,529,577,0,577
Ahmednagar,,,Shevgaon,222,,315,8,3,0,11,8,ELABAS KABMIRT HSAHBUS,,498,545,1043,8,1051
Ahmednagar,,,Shevgaon,222,,316,14,1,0,15,2,ELABAS KABMIRT HSAHBUS,,158,844,1002,2,1004
Ahmednagar,,,Shevgaon,222,,317,10,1,0,11,3,ELABAS KABMIRT HSAHBUS,,233,808,1041,3,1044
Ahmednagar,,,Shevgaon,222,,318,7,0,0,7,4,ELABAS KABMIRT HSAHBUS,,140,566,706,4,710
Ahmednagar,,,Shevgaon,222,,319,9,1,0,10,1,ELABAS KABMIRT HSAHBUS,,207,553,760,1,761
Ahmednagar,,,Shevgaon,222,,320,8,0,0,8,0,ELABAS KABMIRT HSAHBUS,,166,502,668,0,668
Ahmednagar,,,Shevgaon,222,,321,3,1,0,4,3,ELABAS KABMIRT HSAHBUS,,435,612,1047,3,1050
Ahmednagar,,,Shevgaon,222,,322,3,1,0,4,2,ELABAS KABMIRT HSAHBUS,,503,540,1043,2,1045
Ahmednagar,,,Shevgaon,222,,323,7,2,0,9,1,ELABAS KABMIRT HSAHBUS,,324,568,892,1,893
Ahmednagar,,,Shevgaon,222,,324,6,1,0,7,1,ELABAS KABMIRT HSAHBUS,,95,614,709,1,710
Ahmednagar,,,Shevgaon,222,,325,7,3,0,10,3,ELABAS KABMIRT HSAHBUS,,343,519,862,3,865
Ahmednagar,,,Shevgaon,222,,326,4,3,0,7,5,ELABAS KABMIRT HSAHBUS,,331,529,860,5,865
Ahmednagar,,,Shevgaon,222,,327,4,1,0,5,11,ELABAS KABMIRT HSAHBUS,,394,511,905,11,916
Ahmednagar,,,Shevgaon,222,,328,7,4,0,11,2,ELABAS KABMIRT HSAHBUS,,259,879,1138,2,1140
Ahmednagar,,,Shevgaon,222,,329,13,1,0,14,4,ELABAS KABMIRT HSAHBUS,,205,837,1042,4,1046
Ahmednagar,,,Shevgaon,222,,330,4,0,0,4,1,ELABAS KABMIRT HSAHBUS,,112,630,742,1,743
Ahmednagar,,,Shevgaon,222,,331,7,3,0,10,4,ELABAS KABMIRT HSAHBUS,,260,956,1216,4,1220
Ahmednagar,,,Shevgaon,222,,332,3,0,0,3,0,ELABAS KABMIRT HSAHBUS,,181,636,817,0,817
Ahmednagar,,,Shevgaon,222,,333,2,0,0,2,0,ELABAS KABMIRT HSAHBUS,,78,601,679,0,679
Ahmednagar,,,Shevgaon,222,,334,1,0,0,1,2,ELABAS KABMIRT HSAHBUS,,139,719,858,2,860
Ahmednagar,,,Shevgaon,222,,335,11,1,0,12,3,ELABAS KABMIRT HSAHBUS,,308,796,1104,3,1107
Ahmednagar,,,Shevgaon,222,,336,4,0,0,4,1,ELABAS KABMIRT HSAHBUS,,313,612,925,1,926
Ahmednagar,,,Shevgaon,222,,337,11,0,0,11,3,ELABAS KABMIRT HSAHBUS,,506,666,1172,3,1175
Ahmednagar,,,Shevgaon,222,,338,2,0,0,2,0,ELABAS KABMIRT HSAHBUS,,132,663,795,0,795
Ahmednagar,,,Shevgaon,222,,339,8,1,0,9,4,ELABAS KABMIRT HSAHBUS,,232,761,993,4,997
Ahmednagar,,,Shevgaon,222,,340,2,3,0,5,2,ELABAS KABMIRT HSAHBUS,,193,876,1069,2,1071
Ahmednagar,,,Shevgaon,222,,341,1,3,0,4,4,ELABAS KABMIRT HSAHBUS,,360,520,880,4,884
Ahmednagar,,,Shevgaon,222,,342,6,0,0,6,5,ELABAS KABMIRT HSAHBUS,,214,651,865,5,870
Ahmednagar,,,Shevgaon,222,,343,8,1,0,9,1,ELABAS KABMIRT HSAHBUS,,143,953,1096,1,1097
Ahmednagar,,,Shevgaon,222,,345,7,0,0,7,4,ELABAS KABMIRT HSAHBUS,,232,795,1027,4,1031
Ahmednagar,,,Shevgaon,222,,346,4,1,0,5,2,ELABAS KABMIRT HSAHBUS,,150,806,956,2,958
Ahmednagar,,,Shevgaon,222,,347,6,1,0,7,1,ELABAS KABMIRT HSAHBUS,,120,637,757,1,758
Ahmednagar,,,Shevgaon,222,,348,13,3,0,16,7,ELABAS KABMIRT HSAHBUS,,236,654,890,7,897
Ahmednagar,,,Shevgaon,222,,349,7,1,0,8,3,ELABAS KABMIRT HSAHBUS,,185,772,957,3,960
Ahmednagar,,,Shevgaon,222,,350,6,2,0,8,5,ELABAS KABMIRT HSAHBUS,,218,665,883,5,888
Ahmednagar,,,Shevgaon,222,,351,2,1,0,3,1,ELABAS KABMIRT HSAHBUS,,162,530,692,1,693
Ahmednagar,,,Shevgaon,222,,352,2,0,0,2,1,ELABAS KABMIRT HSAHBUS,,71,400,471,1,472
Ahmednagar,,,Shevgaon,222,,353,6,2,0,8,3,ELABAS KABMIRT HSAHBUS,,318,556,874,3,877
Ahmednagar,,,Shevgaon,222,,354,11,3,0,14,2,ELABAS KABMIRT HSAHBUS,,233,652,885,2,887
Ahmednagar,,,Shevgaon,222,,355,4,0,0,4,0,ELABAS KABMIRT HSAHBUS,,241,615,856,0,856
Ahmednagar,,,Shevgaon,222,,356,7,3,0,10,2,ELABAS KABMIRT HSAHBUS,,197,617,814,2,816
Ahmednagar,,,Shevgaon,222,,357,3,0,0,3,0,ELABAS KABMIRT HSAHBUS,,157,416,573,0,573
Ahmednagar,,,Shevgaon,222,,358,5,0,0,5,2,ELABAS KABMIRT HSAHBUS,,221,650,871,2,873
Ahmednagar,,,Shevgaon,222,,359,11,0,0,11,3,ELABAS KABMIRT HSAHBUS,,259,791,1050,3,1053
Ahmednagar,,,Shevgaon,222,,360,9,2,0,11,1,ELABAS KABMIRT HSAHBUS,,184,735,919,1,920
Ahmednagar,,,Shevgaon,222,,361,8,1,0,9,6,ELABAS KABMIRT HSAHBUS,,142,643,785,6,791
Ahmednagar,,,Shevgaon,222,,362,8,1,0,9,2,ELABAS KABMIRT HSAHBUS,,260,719,979,2,981
Ahmednagar,,,Shevgaon,222,,363,9,0,0,9,2,ELABAS KABMIRT HSAHBUS,,259,665,924,2,926
Ahmednagar,,,Shevgaon,222,,364,3,1,0,4,1,ELABAS KABMIRT HSAHBUS,,193,612,805,1,806
Ahmednagar,,,Shevgaon,222,,365,6,0,0,6,3,ELABAS KABMIRT HSAHBUS,,109,805,914,3,917
Ahmednagar,,,Shevgaon,222,,366,4,2,0,6,2,ELABAS KABMIRT HSAHBUS,,132,735,867,2,869
Ahmednagar,,,Shevgaon,222,,367,14,2,0,16,3,ELABAS KABMIRT HSAHBUS,,311,738,1049,3,1052
Ahmednagar,,,Shevgaon,222,,368,2,0,0,2,0,ELABAS KABMIRT HSAHBUS,,53,650,703,0,703
TOTAL,,,,,,,1883,257,0,2140,581,,,96607,219648,316255,581,316836
