District Name,District No,Jilha,Constituency Name,Constituency No,Total No. of Electors,Serial Poll,Total No. Valid Votes,No. of Rejected Votes,NOTA,Total,No. of Tendered Votes,Elected Person Name,Party Name of Elected Person,No. of Valid Votes Cast in Favour of Elected Person,Other Candidate Votes,Total EVM Votes,Total Postal ballot votes,Total Votes Polled
Beed,,,Georai,228,,1,14,15,0,29,17,Dilip Nana Chandane,,5,85,90,17,107
Beed,,,Georai,228,,1,1,1,0,2,18,Dilip Nana Chandane,,115,368,483,18,501
Beed,,,Georai,228,,2,0,0,0,0,25,Dilip Nana Chandane,,128,352,480,25,505
Beed,,,Georai,228,,3,1,2,0,3,65,Dilip Nana Chandane,,297,408,705,65,770
Beed,,,Georai,228,,4,0,2,0,2,47,Dilip Nana Chandane,,282,145,427,47,474
Beed,,,Georai,228,,5,1,2,0,3,46,Dilip Nana Chandane,,534,457,991,46,1037
Beed,,,Georai,228,,6,0,0,0,0,78,Dilip Nana Chandane,,391,260,651,78,729
Beed,,,Georai,228,,7,0,1,0,1,56,Dilip Nana Chandane,,227,302,529,56,585
Beed,,,Georai,228,,8,1,1,0,2,17,Dilip Nana Chandane,,201,410,611,17,628
Beed,,,Georai,228,,9,2,0,0,2,48,Dilip Nana Chandane,,270,451,721,48,769
Beed,,,Georai,228,,10,0,3,0,3,58,Dilip Nana Chandane,,277,392,669,58,727
Beed,,,Georai,228,,11,2,0,0,2,80,Dilip Nana Chandane,,253,459,712,80,792
Beed,,,Georai,228,,12,0,1,0,1,115,Dilip Nana Chandane,,258,446,704,115,819
Beed,,,Georai,228,,13,0,6,0,6,27,Dilip Nana Chandane,,167,606,773,27,800
Beed,,,Georai,228,,14,0,9,0,9,144,Dilip Nana Chandane,,353,416,769,144,913
Beed,,,Georai,228,,1,14,15,0,29,17,Dilip Nana Chandane,,5,85,90,17,107
Beed,,,Georai,228,,15,0,4,0,4,166,Dilip Nana Chandane,,393,154,547,166,713
Beed,,,Georai,228,,16,0,1,0,1,123,Dilip Nana Chandane,,386,153,539,123,662
Beed,,,Georai,228,,17,1,3,0,4,33,Dilip Nana Chandane,,372,308,680,33,713
Beed,,,Georai,228,,18,0,6,0,6,64,Dilip Nana Chandane,,377,128,505,64,569
Beed,,,Georai,228,,19,0,2,0,2,123,Dilip Nana Chandane,,230,202,432,123,555
Beed,,,Georai,228,,20,2,1,0,3,79,Dilip Nana Chandane,,212,273,485,79,564
Beed,,,Georai,228,,21,0,0,0,0,102,Dilip Nana Chandane,,247,193,440,102,542
Beed,,,Georai,228,,22,0,0,0,0,61,Dilip Nana Chandane,,247,195,442,61,503
Beed,,,Georai,228,,23,0,3,0,3,136,Dilip Nana Chandane,,264,416,680,136,816
Beed,,,Georai,228,,24,1,6,0,7,120,Dilip Nana Chandane,,329,386,715,120,835
Beed,,,Georai,228,,25,0,3,0,3,62,Dilip Nana Chandane,,214,278,492,62,554
Beed,,,Georai,228,,26,3,3,0,6,99,Dilip Nana Chandane,,391,506,897,99,996
Beed,,,Georai,228,,27,4,2,0,6,118,Dilip Nana Chandane,,376,350,726,118,844
Beed,,,Georai,228,,28,1,2,0,3,138,Dilip Nana Chandane,,414,462,876,138,1014
Beed,,,Georai,228,,1,14,15,0,29,17,Dilip Nana Chandane,,5,85,90,17,107
Beed,,,Georai,228,,29,0,0,0,0,55,Dilip Nana Chandane,,345,641,986,55,1041
Beed,,,Georai,228,,30,1,5,0,6,41,Dilip Nana Chandane,,280,573,853,41,894
Beed,,,Georai,228,,31,1,5,0,6,53,Dilip Nana Chandane,,192,218,410,53,463
Beed,,,Georai,228,,32,2,1,0,3,36,Dilip Nana Chandane,,318,736,1054,36,1090
Beed,,,Georai,228,,33,3,2,0,5,36,Dilip Nana Chandane,,565,444,1009,36,1045
Beed,,,Georai,228,,34,0,3,0,3,89,Dilip Nana Chandane,,393,327,720,89,809
Beed,,,Georai,228,,35,0,2,0,2,67,Dilip Nana Chandane,,155,325,480,67,547
Beed,,,Georai,228,,36,1,3,0,4,48,Dilip Nana Chandane,,253,411,664,48,712
Beed,,,Georai,228,,37,2,2,0,4,39,Dilip Nana Chandane,,291,718,1009,39,1048
Beed,,,Georai,228,,38,0,0,0,0,21,Dilip Nana Chandane,,177,780,957,21,978
Beed,,,Georai,228,,39,0,2,0,2,53,Dilip Nana Chandane,,187,720,907,53,960
Beed,,,Georai,228,,40,2,0,0,2,23,Dilip Nana Chandane,,140,426,566,23,589
Beed,,,Georai,228,,41,1,3,0,4,49,Dilip Nana Chandane,,140,389,529,49,578
Beed,,,Georai,228,,42,0,0,0,0,20,Dilip Nana Chandane,,49,440,489,20,509
Beed,,,Georai,228,,1,14,15,0,29,17,Dilip Nana Chandane,,5,85,90,17,107
Beed,,,Georai,228,,43,2,1,0,3,81,Dilip Nana Chandane,,167,264,431,81,512
Beed,,,Georai,228,,44,0,1,0,1,19,Dilip Nana Chandane,,158,331,489,19,508
Beed,,,Georai,228,,45,1,0,0,1,22,Dilip Nana Chandane,,292,523,815,22,837
Beed,,,Georai,228,,46,0,4,0,4,313,Dilip Nana Chandane,,339,250,589,313,902
Beed,,,Georai,228,,47,1,2,0,3,238,Dilip Nana Chandane,,405,323,728,238,966
Beed,,,Georai,228,,48,0,5,0,5,288,Dilip Nana Chandane,,255,290,545,288,833
Beed,,,Georai,228,,49,3,5,0,8,45,Dilip Nana Chandane,,233,158,391,45,436
Beed,,,Georai,228,,50,0,0,0,0,71,Dilip Nana Chandane,,478,220,698,71,769
Beed,,,Georai,228,,51,1,1,0,2,24,Dilip Nana Chandane,,469,295,764,24,788
Beed,,,Georai,228,,52,1,1,0,2,123,Dilip Nana Chandane,,374,344,718,123,841
Beed,,,Georai,228,,53,1,0,0,1,79,Dilip Nana Chandane,,436,348,784,79,863
Beed,,,Georai,228,,54,0,0,0,0,96,Dilip Nana Chandane,,312,449,761,96,857
Beed,,,Georai,228,,55,0,5,0,5,71,Dilip Nana Chandane,,403,400,803,71,874
Beed,,,Georai,228,,56,0,4,0,4,48,Dilip Nana Chandane,,279,672,951,48,999
Beed,,,Georai,228,,1,14,15,0,29,17,Dilip Nana Chandane,,5,85,90,17,107
Beed,,,Georai,228,,57,0,3,0,3,54,Dilip Nana Chandane,,405,440,845,54,899
Beed,,,Georai,228,,58,1,5,0,6,42,Dilip Nana Chandane,,334,556,890,42,932
Beed,,,Georai,228,,59,0,2,0,2,29,Dilip Nana Chandane,,263,629,892,29,921
Beed,,,Georai,228,,60,2,23,0,25,48,Dilip Nana Chandane,,367,571,938,48,986
Beed,,,Georai,228,,61,0,7,0,7,172,Dilip Nana Chandane,,408,194,602,172,774
Beed,,,Georai,228,,62,1,2,0,3,148,Dilip Nana Chandane,,164,239,403,148,551
Beed,,,Georai,228,,63,1,8,0,9,124,Dilip Nana Chandane,,526,432,958,124,1082
Beed,,,Georai,228,,64,3,6,0,9,52,Dilip Nana Chandane,,408,348,756,52,808
Beed,,,Georai,228,,65,4,12,0,16,111,Dilip Nana Chandane,,212,555,767,111,878
Beed,,,Georai,228,,66,2,6,0,8,61,Dilip Nana Chandane,,118,306,424,61,485
Beed,,,Georai,228,,67,1,7,0,8,58,Dilip Nana Chandane,,182,414,596,58,654
Beed,,,Georai,228,,68,1,1,0,2,94,Dilip Nana Chandane,,337,517,854,94,948
Beed,,,Georai,228,,69,0,1,0,1,45,Dilip Nana Chandane,,123,215,338,45,383
Beed,,,Georai,228,,70,0,0,0,0,9,Dilip Nana Chandane,,493,321,814,9,823
Beed,,,Georai,228,,1,14,15,0,29,17,Dilip Nana Chandane,,5,85,90,17,107
Beed,,,Georai,228,,71,0,0,0,0,6,Dilip Nana Chandane,,439,303,742,6,748
Beed,,,Georai,228,,72,0,4,0,4,75,Dilip Nana Chandane,,346,479,825,75,900
Beed,,,Georai,228,,73,0,3,0,3,79,Dilip Nana Chandane,,325,207,532,79,611
Beed,,,Georai,228,,74,0,1,0,1,128,Dilip Nana Chandane,,235,244,479,128,607
Beed,,,Georai,228,,75,0,0,0,0,25,Dilip Nana Chandane,,251,369,620,25,645
Beed,,,Georai,228,,76,0,5,0,5,228,Dilip Nana Chandane,,370,268,638,228,866
Beed,,,Georai,228,,77,1,5,0,6,257,Dilip Nana Chandane,,304,369,673,257,930
Beed,,,Georai,228,,78,2,7,0,9,193,Dilip Nana Chandane,,470,429,899,193,1092
Beed,,,Georai,228,,79,1,1,0,2,92,Dilip Nana Chandane,,243,230,473,92,565
Beed,,,Georai,228,,80,1,2,0,3,56,Dilip Nana Chandane,,334,325,659,56,715
Beed,,,Georai,228,,81,0,0,0,0,24,Dilip Nana Chandane,,288,324,612,24,636
Beed,,,Georai,228,,82,2,0,0,2,8,Dilip Nana Chandane,,346,276,622,8,630
Beed,,,Georai,228,,83,0,2,0,2,170,Dilip Nana Chandane,,258,207,465,170,635
Beed,,,Georai,228,,84,0,2,0,2,143,Dilip Nana Chandane,,286,180,466,143,609
Beed,,,Georai,228,,1,14,15,0,29,17,Dilip Nana Chandane,,5,85,90,17,107
Beed,,,Georai,228,,85,2,7,0,9,319,Dilip Nana Chandane,,277,301,578,319,897
Beed,,,Georai,228,,86,0,2,0,2,15,Dilip Nana Chandane,,378,367,745,15,760
Beed,,,Georai,228,,87,2,2,0,4,19,Dilip Nana Chandane,,306,449,755,19,774
Beed,,,Georai,228,,88,2,6,0,8,285,Dilip Nana Chandane,,360,327,687,285,972
Beed,,,Georai,228,,89,2,5,0,7,94,Dilip Nana Chandane,,136,226,362,94,456
Beed,,,Georai,228,,90,0,1,0,1,166,Dilip Nana Chandane,,555,266,821,166,987
Beed,,,Georai,228,,91,2,9,0,11,189,Dilip Nana Chandane,,257,476,733,189,922
Beed,,,Georai,228,,92,1,2,0,3,130,Dilip Nana Chandane,,157,329,486,130,616
Beed,,,Georai,228,,93,2,17,0,19,219,Dilip Nana Chandane,,156,259,415,219,634
Beed,,,Georai,228,,94,1,10,0,11,87,Dilip Nana Chandane,,152,190,342,87,429
Beed,,,Georai,228,,95,0,6,0,6,135,Dilip Nana Chandane,,172,183,355,135,490
Beed,,,Georai,228,,96,0,2,0,2,114,Dilip Nana Chandane,,269,559,828,114,942
Beed,,,Georai,228,,97,0,9,0,9,83,Dilip Nana Chandane,,143,185,328,83,411
Beed,,,Georai,228,,98,0,4,0,4,60,Dilip Nana Chandane,,266,318,584,60,644
Beed,,,Georai,228,,1,14,15,0,29,17,Dilip Nana Chandane,,5,85,90,17,107
Beed,,,Georai,228,,99,1,5,0,6,121,Dilip Nana Chandane,,283,148,431,121,552
Beed,,,Georai,228,,100,0,8,0,8,208,Dilip Nana Chandane,,197,353,550,208,758
Beed,,,Georai,228,,101,1,0,0,1,32,Dilip Nana Chandane,,193,581,774,32,806
Beed,,,Georai,228,,102,2,1,0,3,37,Dilip Nana Chandane,,127,478,605,37,642
Beed,,,Georai,228,,103,1,5,0,6,30,Dilip Nana Chandane,,289,671,960,30,990
Beed,,,Georai,228,,104,1,4,0,5,38,Dilip Nana Chandane,,107,288,395,38,433
Beed,,,Georai,228,,105,0,1,0,1,21,Dilip Nana Chandane,,181,339,520,21,541
Beed,,,Georai,228,,106,0,0,0,0,29,Dilip Nana Chandane,,122,597,719,29,748
Beed,,,Georai,228,,107,1,4,0,5,43,Dilip Nana Chandane,,104,756,860,43,903
Beed,,,Georai,228,,108,0,0,0,0,30,Dilip Nana Chandane,,208,312,520,30,550
Beed,,,Georai,228,,109,0,0,0,0,25,Dilip Nana Chandane,,170,263,433,25,458
Beed,,,Georai,228,,110,0,2,0,2,261,Dilip Nana Chandane,,186,467,653,261,914
Beed,,,Georai,228,,111,0,1,0,1,37,Dilip Nana Chandane,,190,498,688,37,725
Beed,,,Georai,228,,112,0,1,0,1,11,Dilip Nana Chandane,,362,396,758,11,769
Beed,,,Georai,228,,1,14,15,0,29,17,Dilip Nana Chandane,,5,85,90,17,107
Beed,,,Georai,228,,113,2,0,0,2,20,Dilip Nana Chandane,,313,524,837,20,857
Beed,,,Georai,228,,114,1,4,0,5,7,Dilip Nana Chandane,,158,255,413,7,420
Beed,,,Georai,228,,115,2,2,0,4,23,Dilip Nana Chandane,,106,225,331,23,354
Beed,,,Georai,228,,116,0,2,0,2,61,Dilip Nana Chandane,,255,464,719,61,780
Beed,,,Georai,228,,117,0,16,0,16,91,Dilip Nana Chandane,,405,570,975,91,1066
Beed,,,Georai,228,,118,0,0,0,0,67,Dilip Nana Chandane,,308,488,796,67,863
Beed,,,Georai,228,,119,0,0,0,0,40,Dilip Nana Chandane,,143,304,447,40,487
Beed,,,Georai,228,,120,0,5,0,5,52,Dilip Nana Chandane,,340,437,777,52,829
Beed,,,Georai,228,,121,0,3,0,3,66,Dilip Nana Chandane,,295,377,672,66,738
Beed,,,Georai,228,,122,0,1,0,1,20,Dilip Nana Chandane,,306,601,907,20,927
Beed,,,Georai,228,,123,1,5,0,6,63,Dilip Nana Chandane,,268,450,718,63,781
Beed,,,Georai,228,,124,0,3,0,3,400,Dilip Nana Chandane,,170,226,396,400,796
Beed,,,Georai,228,,125,1,1,0,2,146,Dilip Nana Chandane,,147,247,394,146,540
Beed,,,Georai,228,,126,0,1,0,1,84,Dilip Nana Chandane,,90,298,388,84,472
Beed,,,Georai,228,,1,14,15,0,29,17,Dilip Nana Chandane,,5,85,90,17,107
Beed,,,Georai,228,,127,0,1,0,1,218,Dilip Nana Chandane,,446,374,820,218,1038
Beed,,,Georai,228,,128,2,9,0,11,262,Dilip Nana Chandane,,287,388,675,262,937
Beed,,,Georai,228,,129,0,1,0,1,253,Dilip Nana Chandane,,206,295,501,253,754
Beed,,,Georai,228,,130,1,5,0,6,352,Dilip Nana Chandane,,203,341,544,352,896
Beed,,,Georai,228,,131,0,2,0,2,317,Dilip Nana Chandane,,416,415,831,317,1148
Beed,,,Georai,228,,132,0,3,0,3,350,Dilip Nana Chandane,,242,388,630,350,980
Beed,,,Georai,228,,133,1,6,0,7,316,Dilip Nana Chandane,,240,299,539,316,855
Beed,,,Georai,228,,134,0,1,0,1,320,Dilip Nana Chandane,,223,322,545,320,865
Beed,,,Georai,228,,135,0,1,0,1,188,Dilip Nana Chandane,,277,284,561,188,749
Beed,,,Georai,228,,136,3,1,0,4,218,Dilip Nana Chandane,,254,323,577,218,795
Beed,,,Georai,228,,137,1,1,0,2,245,Dilip Nana Chandane,,308,369,677,245,922
Beed,,,Georai,228,,138,0,1,0,1,167,Dilip Nana Chandane,,199,251,450,167,617
Beed,,,Georai,228,,139,0,2,0,2,246,Dilip Nana Chandane,,292,423,715,246,961
Beed,,,Georai,228,,140,1,2,0,3,202,Dilip Nana Chandane,,276,381,657,202,859
Beed,,,Georai,228,,1,14,15,0,29,17,Dilip Nana Chandane,,5,85,90,17,107
Beed,,,Georai,228,,141,1,3,0,4,255,Dilip Nana Chandane,,397,395,792,255,1047
Beed,,,Georai,228,,142,0,8,0,8,345,Dilip Nana Chandane,,340,557,897,345,1242
Beed,,,Georai,228,,143,0,0,0,0,188,Dilip Nana Chandane,,133,406,539,188,727
Beed,,,Georai,228,,144,2,2,0,4,267,Dilip Nana Chandane,,194,425,619,267,886
Beed,,,Georai,228,,145,0,4,0,4,315,Dilip Nana Chandane,,180,535,715,315,1030
Beed,,,Georai,228,,146,0,2,0,2,219,Dilip Nana Chandane,,202,682,884,219,1103
Beed,,,Georai,228,,147,0,3,0,3,265,Dilip Nana Chandane,,261,252,513,265,778
Beed,,,Georai,228,,148,1,1,0,2,348,Dilip Nana Chandane,,305,256,561,348,909
Beed,,,Georai,228,,149,1,2,0,3,230,Dilip Nana Chandane,,288,334,622,230,852
Beed,,,Georai,228,,150,0,3,0,3,392,Dilip Nana Chandane,,198,307,505,392,897
Beed,,,Georai,228,,151,0,2,0,2,262,Dilip Nana Chandane,,363,558,921,262,1183
Beed,,,Georai,228,,152,0,1,0,1,145,Dilip Nana Chandane,,252,460,712,145,857
Beed,,,Georai,228,,153,0,1,0,1,103,Dilip Nana Chandane,,175,325,500,103,603
Beed,,,Georai,228,,154,0,4,0,4,305,Dilip Nana Chandane,,316,283,599,305,904
Beed,,,Georai,228,,1,14,15,0,29,17,Dilip Nana Chandane,,5,85,90,17,107
Beed,,,Georai,228,,155,0,2,0,2,185,Dilip Nana Chandane,,234,286,520,185,705
Beed,,,Georai,228,,156,0,10,0,10,166,Dilip Nana Chandane,,527,424,951,166,1117
Beed,,,Georai,228,,157,0,164,0,164,30,Dilip Nana Chandane,,280,245,525,30,555
Beed,,,Georai,228,,158,1,111,0,112,92,Dilip Nana Chandane,,575,350,925,92,1017
Beed,,,Georai,228,,159,2,3,0,5,77,Dilip Nana Chandane,,511,470,981,77,1058
Beed,,,Georai,228,,160,1,6,0,7,58,Dilip Nana Chandane,,497,359,856,58,914
Beed,,,Georai,228,,161,1,3,0,4,55,Dilip Nana Chandane,,326,712,1038,55,1093
Beed,,,Georai,228,,162,0,2,0,2,19,Dilip Nana Chandane,,415,544,959,19,978
Beed,,,Georai,228,,163,0,2,0,2,36,Dilip Nana Chandane,,362,494,856,36,892
Beed,,,Georai,228,,164,2,4,0,6,105,Dilip Nana Chandane,,325,526,851,105,956
Beed,,,Georai,228,,165,0,48,0,48,68,Dilip Nana Chandane,,385,316,701,68,769
Beed,,,Georai,228,,166,1,11,0,12,5,Dilip Nana Chandane,,103,435,538,5,543
Beed,,,Georai,228,,167,1,2,0,3,170,Dilip Nana Chandane,,445,405,850,170,1020
Beed,,,Georai,228,,168,0,0,0,0,57,Dilip Nana Chandane,,245,326,571,57,628
Beed,,,Georai,228,,1,14,15,0,29,17,Dilip Nana Chandane,,5,85,90,17,107
Beed,,,Georai,228,,169,0,6,0,6,123,Dilip Nana Chandane,,604,452,1056,123,1179
Beed,,,Georai,228,,170,2,4,0,6,142,Dilip Nana Chandane,,360,536,896,142,1038
Beed,,,Georai,228,,171,0,1,0,1,21,Dilip Nana Chandane,,172,382,554,21,575
Beed,,,Georai,228,,172,0,2,0,2,74,Dilip Nana Chandane,,214,493,707,74,781
Beed,,,Georai,228,,173,0,0,0,0,62,Dilip Nana Chandane,,222,481,703,62,765
Beed,,,Georai,228,,174,1,7,0,8,236,Dilip Nana Chandane,,398,342,740,236,976
Beed,,,Georai,228,,175,0,2,0,2,111,Dilip Nana Chandane,,340,257,597,111,708
Beed,,,Georai,228,,176,3,0,0,3,16,Dilip Nana Chandane,,183,333,516,16,532
Beed,,,Georai,228,,177,1,1,0,2,156,Dilip Nana Chandane,,265,452,717,156,873
Beed,,,Georai,228,,178,1,4,0,5,112,Dilip Nana Chandane,,217,380,597,112,709
Beed,,,Georai,228,,179,0,1,0,1,160,Dilip Nana Chandane,,250,369,619,160,779
Beed,,,Georai,228,,180,2,6,0,8,34,Dilip Nana Chandane,,155,547,702,34,736
Beed,,,Georai,228,,181,0,3,0,3,118,Dilip Nana Chandane,,281,361,642,118,760
Beed,,,Georai,228,,182,0,4,0,4,54,Dilip Nana Chandane,,308,453,761,54,815
Beed,,,Georai,228,,1,14,15,0,29,17,Dilip Nana Chandane,,5,85,90,17,107
Beed,,,Georai,228,,183,1,3,0,4,48,Dilip Nana Chandane,,343,324,667,48,715
Beed,,,Georai,228,,184,0,7,0,7,123,Dilip Nana Chandane,,217,384,601,123,724
Beed,,,Georai,228,,185,1,17,0,18,66,Dilip Nana Chandane,,235,387,622,66,688
Beed,,,Georai,228,,186,0,3,0,3,202,Dilip Nana Chandane,,329,423,752,202,954
Beed,,,Georai,228,,187,3,7,0,10,121,Dilip Nana Chandane,,368,429,797,121,918
Beed,,,Georai,228,,188,1,8,0,9,109,Dilip Nana Chandane,,300,349,649,109,758
Beed,,,Georai,228,,189,4,27,0,31,105,Dilip Nana Chandane,,566,351,917,105,1022
Beed,,,Georai,228,,190,4,0,0,4,44,Dilip Nana Chandane,,291,495,786,44,830
Beed,,,Georai,228,,191,0,0,0,0,28,Dilip Nana Chandane,,244,416,660,28,688
Beed,,,Georai,228,,192,1,11,0,12,175,Dilip Nana Chandane,,327,500,827,175,1002
Beed,,,Georai,228,,193,0,4,0,4,70,Dilip Nana Chandane,,335,583,918,70,988
Beed,,,Georai,228,,194,1,2,0,3,25,Dilip Nana Chandane,,277,681,958,25,983
Beed,,,Georai,228,,195,0,1,0,1,209,Dilip Nana Chandane,,104,375,479,209,688
Beed,,,Georai,228,,196,0,0,0,0,197,Dilip Nana Chandane,,244,479,723,197,920
Beed,,,Georai,228,,1,14,15,0,29,17,Dilip Nana Chandane,,5,85,90,17,107
Beed,,,Georai,228,,197,0,1,0,1,198,Dilip Nana Chandane,,116,342,458,198,656
Beed,,,Georai,228,,198,0,4,0,4,64,Dilip Nana Chandane,,446,617,1063,64,1127
Beed,,,Georai,228,,199,3,12,0,15,50,Dilip Nana Chandane,,419,332,751,50,801
Beed,,,Georai,228,,200,0,13,0,13,31,Dilip Nana Chandane,,390,471,861,31,892
Beed,,,Georai,228,,201,2,0,0,2,32,Dilip Nana Chandane,,702,402,1104,32,1136
Beed,,,Georai,228,,202,0,0,0,0,20,Dilip Nana Chandane,,340,362,702,20,722
Beed,,,Georai,228,,203,0,6,0,6,211,Dilip Nana Chandane,,426,308,734,211,945
Beed,,,Georai,228,,204,2,2,0,4,12,Dilip Nana Chandane,,491,647,1138,12,1150
Beed,,,Georai,228,,205,0,1,0,1,269,Dilip Nana Chandane,,218,465,683,269,952
Beed,,,Georai,228,,206,1,0,0,1,17,Dilip Nana Chandane,,262,801,1063,17,1080
Beed,,,Georai,228,,207,2,0,0,2,7,Dilip Nana Chandane,,255,595,850,7,857
Beed,,,Georai,228,,208,0,0,0,0,29,Dilip Nana Chandane,,314,495,809,29,838
Beed,,,Georai,228,,209,0,0,0,0,10,Dilip Nana Chandane,,490,444,934,10,944
Beed,,,Georai,228,,210,0,1,0,1,55,Dilip Nana Chandane,,423,525,948,55,1003
Beed,,,Georai,228,,1,14,15,0,29,17,Dilip Nana Chandane,,5,85,90,17,107
Beed,,,Georai,228,,211,1,2,0,3,153,Dilip Nana Chandane,,444,471,915,153,1068
Beed,,,Georai,228,,212,1,3,0,4,124,Dilip Nana Chandane,,304,504,808,124,932
Beed,,,Georai,228,,213,1,4,0,5,26,Dilip Nana Chandane,,190,522,712,26,738
Beed,,,Georai,228,,214,1,0,0,1,10,Dilip Nana Chandane,,83,558,641,10,651
Beed,,,Georai,228,,215,3,2,0,5,32,Dilip Nana Chandane,,343,496,839,32,871
Beed,,,Georai,228,,216,1,4,0,5,37,Dilip Nana Chandane,,318,781,1099,37,1136
Beed,,,Georai,228,,217,1,1,0,2,13,Dilip Nana Chandane,,250,426,676,13,689
Beed,,,Georai,228,,218,1,1,0,2,61,Dilip Nana Chandane,,297,849,1146,61,1207
Beed,,,Georai,228,,219,2,1,0,3,54,Dilip Nana Chandane,,237,742,979,54,1033
Beed,,,Georai,228,,220,0,1,0,1,125,Dilip Nana Chandane,,388,585,973,125,1098
Beed,,,Georai,228,,221,1,1,0,2,38,Dilip Nana Chandane,,265,619,884,38,922
Beed,,,Georai,228,,222,2,1,0,3,44,Dilip Nana Chandane,,362,740,1102,44,1146
Beed,,,Georai,228,,223,1,4,0,5,52,Dilip Nana Chandane,,327,415,742,52,794
Beed,,,Georai,228,,224,1,6,0,7,147,Dilip Nana Chandane,,122,357,479,147,626
Beed,,,Georai,228,,1,14,15,0,29,17,Dilip Nana Chandane,,5,85,90,17,107
Beed,,,Georai,228,,225,0,2,0,2,22,Dilip Nana Chandane,,213,645,858,22,880
Beed,,,Georai,228,,226,0,0,0,0,34,Dilip Nana Chandane,,220,579,799,34,833
Beed,,,Georai,228,,227,1,6,0,7,39,Dilip Nana Chandane,,287,799,1086,39,1125
Beed,,,Georai,228,,228,1,3,0,4,49,Dilip Nana Chandane,,578,468,1046,49,1095
Beed,,,Georai,228,,229,0,1,0,1,74,Dilip Nana Chandane,,450,700,1150,74,1224
Beed,,,Georai,228,,230,1,6,0,7,84,Dilip Nana Chandane,,434,598,1032,84,1116
Beed,,,Georai,228,,231,1,8,0,9,105,Dilip Nana Chandane,,262,659,921,105,1026
Beed,,,Georai,228,,232,2,1,0,3,66,Dilip Nana Chandane,,287,503,790,66,856
Beed,,,Georai,228,,233,0,1,0,1,31,Dilip Nana Chandane,,268,513,781,31,812
Beed,,,Georai,228,,234,0,2,0,2,32,Dilip Nana Chandane,,223,533,756,32,788
Beed,,,Georai,228,,235,0,5,0,5,57,Dilip Nana Chandane,,254,369,623,57,680
Beed,,,Georai,228,,236,2,11,0,13,162,Dilip Nana Chandane,,482,534,1016,162,1178
Beed,,,Georai,228,,237,0,2,0,2,132,Dilip Nana Chandane,,370,460,830,132,962
Beed,,,Georai,228,,238,0,4,0,4,76,Dilip Nana Chandane,,307,516,823,76,899
Beed,,,Georai,228,,1,14,15,0,29,17,Dilip Nana Chandane,,5,85,90,17,107
Beed,,,Georai,228,,239,1,0,0,1,64,Dilip Nana Chandane,,249,417,666,64,730
Beed,,,Georai,228,,240,1,3,0,4,46,Dilip Nana Chandane,,293,676,969,46,1015
Beed,,,Georai,228,,241,0,4,0,4,87,Dilip Nana Chandane,,265,592,857,87,944
Beed,,,Georai,228,,242,0,5,0,5,77,Dilip Nana Chandane,,343,615,958,77,1035
Beed,,,Georai,228,,243,0,12,0,12,149,Dilip Nana Chandane,,417,413,830,149,979
Beed,,,Georai,228,,244,0,3,0,3,62,Dilip Nana Chandane,,406,656,1062,62,1124
Beed,,,Georai,228,,245,0,1,0,1,59,Dilip Nana Chandane,,298,462,760,59,819
Beed,,,Georai,228,,246,0,3,0,3,208,Dilip Nana Chandane,,277,326,603,208,811
Beed,,,Georai,228,,247,0,1,0,1,30,Dilip Nana Chandane,,355,470,825,30,855
Beed,,,Georai,228,,248,0,3,0,3,130,Dilip Nana Chandane,,225,468,693,130,823
Beed,,,Georai,228,,249,2,9,0,11,99,Dilip Nana Chandane,,315,426,741,99,840
Beed,,,Georai,228,,250,0,0,0,0,82,Dilip Nana Chandane,,308,406,714,82,796
Beed,,,Georai,228,,251,1,1,0,2,142,Dilip Nana Chandane,,288,439,727,142,869
Beed,,,Georai,228,,252,1,1,0,2,95,Dilip Nana Chandane,,253,311,564,95,659
Beed,,,Georai,228,,1,14,15,0,29,17,Dilip Nana Chandane,,5,85,90,17,107
Beed,,,Georai,228,,253,0,5,0,5,10,Dilip Nana Chandane,,432,631,1063,10,1073
Beed,,,Georai,228,,254,0,2,0,2,50,Dilip Nana Chandane,,495,472,967,50,1017
Beed,,,Georai,228,,255,0,5,0,5,13,Dilip Nana Chandane,,408,320,728,13,741
Beed,,,Georai,228,,256,0,1,0,1,153,Dilip Nana Chandane,,262,496,758,153,911
Beed,,,Georai,228,,257,0,46,0,46,27,Dilip Nana Chandane,,337,444,781,27,808
Beed,,,Georai,228,,258,1,5,0,6,87,Dilip Nana Chandane,,646,419,1065,87,1152
Beed,,,Georai,228,,259,0,5,0,5,82,Dilip Nana Chandane,,552,437,989,82,1071
Beed,,,Georai,228,,260,0,6,0,6,72,Dilip Nana Chandane,,247,406,653,72,725
Beed,,,Georai,228,,261,0,0,0,0,95,Dilip Nana Chandane,,334,436,770,95,865
Beed,,,Georai,228,,262,0,5,0,5,130,Dilip Nana Chandane,,399,456,855,130,985
Beed,,,Georai,228,,263,2,14,0,16,104,Dilip Nana Chandane,,291,381,672,104,776
Beed,,,Georai,228,,264,0,22,0,22,44,Dilip Nana Chandane,,446,380,826,44,870
Beed,,,Georai,228,,265,0,38,0,38,212,Dilip Nana Chandane,,351,487,838,212,1050
Beed,,,Georai,228,,266,0,0,0,0,145,Dilip Nana Chandane,,464,521,985,145,1130
Beed,,,Georai,228,,1,14,15,0,29,17,Dilip Nana Chandane,,5,85,90,17,107
Beed,,,Georai,228,,267,1,3,0,4,151,Dilip Nana Chandane,,381,586,967,151,1118
Beed,,,Georai,228,,268,0,1,0,1,63,Dilip Nana Chandane,,343,550,893,63,956
Beed,,,Georai,228,,269,0,5,0,5,159,Dilip Nana Chandane,,411,365,776,159,935
Beed,,,Georai,228,,270,0,1,0,1,73,Dilip Nana Chandane,,225,457,682,73,755
Beed,,,Georai,228,,271,1,4,0,5,109,Dilip Nana Chandane,,202,399,601,109,710
Beed,,,Georai,228,,272,0,5,0,5,325,Dilip Nana Chandane,,222,490,712,325,1037
Beed,,,Georai,228,,273,1,0,0,1,60,Dilip Nana Chandane,,294,587,881,60,941
Beed,,,Georai,228,,274,1,3,0,4,36,Dilip Nana Chandane,,184,574,758,36,794
Beed,,,Georai,228,,275,1,2,0,3,324,Dilip Nana Chandane,,330,441,771,324,1095
Beed,,,Georai,228,,276,0,2,0,2,65,Dilip Nana Chandane,,153,295,448,65,513
Beed,,,Georai,228,,277,0,14,0,14,22,Dilip Nana Chandane,,476,445,921,22,943
Beed,,,Georai,228,,278,0,1,0,1,48,Dilip Nana Chandane,,476,417,893,48,941
Beed,,,Georai,228,,279,0,1,0,1,17,Dilip Nana Chandane,,211,639,850,17,867
Beed,,,Georai,228,,280,0,3,0,3,116,Dilip Nana Chandane,,313,534,847,116,963
Beed,,,Georai,228,,1,14,15,0,29,17,Dilip Nana Chandane,,5,85,90,17,107
Beed,,,Georai,228,,281,0,3,0,3,13,Dilip Nana Chandane,,414,548,962,13,975
Beed,,,Georai,228,,282,1,2,0,3,20,Dilip Nana Chandane,,255,788,1043,20,1063
Beed,,,Georai,228,,283,0,1,0,1,13,Dilip Nana Chandane,,170,693,863,13,876
Beed,,,Georai,228,,284,0,4,0,4,60,Dilip Nana Chandane,,317,537,854,60,914
Beed,,,Georai,228,,285,0,1,0,1,110,Dilip Nana Chandane,,429,649,1078,110,1188
Beed,,,Georai,228,,286,1,0,0,1,48,Dilip Nana Chandane,,288,474,762,48,810
Beed,,,Georai,228,,287,0,3,0,3,34,Dilip Nana Chandane,,222,378,600,34,634
Beed,,,Georai,228,,288,0,1,0,1,153,Dilip Nana Chandane,,362,383,745,153,898
Beed,,,Georai,228,,289,0,1,0,1,95,Dilip Nana Chandane,,202,333,535,95,630
Beed,,,Georai,228,,290,0,1,0,1,44,Dilip Nana Chandane,,282,536,818,44,862
Beed,,,Georai,228,,291,1,3,0,4,11,Dilip Nana Chandane,,100,447,547,11,558
Beed,,,Georai,228,,292,0,1,0,1,44,Dilip Nana Chandane,,102,463,565,44,609
Beed,,,Georai,228,,293,0,2,0,2,13,Dilip Nana Chandane,,272,585,857,13,870
Beed,,,Georai,228,,294,1,2,0,3,29,Dilip Nana Chandane,,424,786,1210,29,1239
Beed,,,Georai,228,,1,14,15,0,29,17,Dilip Nana Chandane,,5,85,90,17,107
Beed,,,Georai,228,,295,0,2,0,2,62,Dilip Nana Chandane,,271,678,949,62,1011
Beed,,,Georai,228,,296,2,1,0,3,29,Dilip Nana Chandane,,249,534,783,29,812
Beed,,,Georai,228,,297,0,3,0,3,72,Dilip Nana Chandane,,227,657,884,72,956
Beed,,,Georai,228,,298,2,6,0,8,52,Dilip Nana Chandane,,265,645,910,52,962
Beed,,,Georai,228,,299,1,3,0,4,52,Dilip Nana Chandane,,315,753,1068,52,1120
Beed,,,Georai,228,,300,0,1,0,1,51,Dilip Nana Chandane,,268,452,720,51,771
Beed,,,Georai,228,,301,0,1,0,1,13,Dilip Nana Chandane,,64,337,401,13,414
Beed,,,Georai,228,,302,2,3,0,5,15,Dilip Nana Chandane,,200,991,1191,15,1206
Beed,,,Georai,228,,303,2,0,0,2,16,Dilip Nana Chandane,,246,745,991,16,1007
Beed,,,Georai,228,,304,0,0,0,0,148,Dilip Nana Chandane,,223,350,573,148,721
Beed,,,Georai,228,,305,0,28,0,28,23,Dilip Nana Chandane,,140,367,507,23,530
Beed,,,Georai,228,,306,1,1,0,2,75,Dilip Nana Chandane,,270,643,913,75,988
Beed,,,Georai,228,,307,1,1,0,2,53,Dilip Nana Chandane,,127,605,732,53,785
Beed,,,Georai,228,,308,0,1,0,1,50,Dilip Nana Chandane,,106,577,683,50,733
Beed,,,Georai,228,,1,14,15,0,29,17,Dilip Nana Chandane,,5,85,90,17,107
Beed,,,Georai,228,,309,0,0,0,0,84,Dilip Nana Chandane,,136,468,604,84,688
Beed,,,Georai,228,,310,0,0,0,0,32,Dilip Nana Chandane,,109,383,492,32,524
Beed,,,Georai,228,,311,1,16,0,17,50,Dilip Nana Chandane,,255,653,908,50,958
Beed,,,Georai,228,,312,1,2,0,3,36,Dilip Nana Chandane,,411,785,1196,36,1232
Beed,,,Georai,228,,313,0,0,0,0,13,Dilip Nana Chandane,,103,558,661,13,674
Beed,,,Georai,228,,314,0,1,0,1,10,Dilip Nana Chandane,,181,787,968,10,978
Beed,,,Georai,228,,315,0,0,0,0,9,Dilip Nana Chandane,,132,499,631,9,640
Beed,,,Georai,228,,316,1,0,0,1,20,Dilip Nana Chandane,,147,663,810,20,830
Beed,,,Georai,228,,317,0,11,0,11,17,Dilip Nana Chandane,,274,605,879,17,896
Beed,,,Georai,228,,318,3,2,0,5,14,Dilip Nana Chandane,,228,700,928,14,942
Beed,,,Georai,228,,319,2,2,0,4,36,Dilip Nana Chandane,,271,719,990,36,1026
Beed,,,Georai,228,,320,0,4,0,4,63,Dilip Nana Chandane,,234,763,997,63,1060
Beed,,,Georai,228,,321,0,5,0,5,13,Dilip Nana Chandane,,150,487,637,13,650
Beed,,,Georai,228,,322,3,0,0,3,28,Dilip Nana Chandane,,328,706,1034,28,1062
Beed,,,Georai,228,,1,14,15,0,29,17,Dilip Nana Chandane,,5,85,90,17,107
Beed,,,Georai,228,,323,1,1,0,2,87,Dilip Nana Chandane,,372,565,937,87,1024
Beed,,,Georai,228,,324,1,12,0,13,22,Dilip Nana Chandane,,291,829,1120,22,1142
Beed,,,Georai,228,,325,3,2,0,5,22,Dilip Nana Chandane,,227,974,1201,22,1223
Beed,,,Georai,228,,326,1,1,0,2,34,Dilip Nana Chandane,,390,477,867,34,901
Beed,,,Georai,228,,327,0,12,0,12,18,Dilip Nana Chandane,,329,529,858,18,876
Beed,,,Georai,228,,328,0,1,0,1,31,Dilip Nana Chandane,,267,603,870,31,901
Beed,,,Georai,228,,329,0,0,0,0,47,Dilip Nana Chandane,,146,616,762,47,809
Beed,,,Georai,228,,330,0,0,0,0,27,Dilip Nana Chandane,,407,558,965,27,992
Beed,,,Georai,228,,331,0,3,0,3,63,Dilip Nana Chandane,,222,607,829,63,892
Beed,,,Georai,228,,332,0,0,0,0,0,Dilip Nana Chandane,,41,377,418,0,418
Beed,,,Georai,228,,333,0,2,0,2,28,Dilip Nana Chandane,,137,461,598,28,626
Beed,,,Georai,228,,334,0,0,0,0,40,Dilip Nana Chandane,,222,594,816,40,856
Beed,,,Georai,228,,335,1,4,0,5,18,Dilip Nana Chandane,,225,598,823,18,841
Beed,,,Georai,228,,336,1,1,0,2,11,Dilip Nana Chandane,,156,685,841,11,852
Beed,,,Georai,228,,1,14,15,0,29,17,Dilip Nana Chandane,,5,85,90,17,107
Beed,,,Georai,228,,337,1,1,0,2,12,Dilip Nana Chandane,,272,630,902,12,914
Beed,,,Georai,228,,338,0,0,0,0,4,Dilip Nana Chandane,,308,716,1024,4,1028
Beed,,,Georai,228,,339,1,4,0,5,202,Dilip Nana Chandane,,208,516,724,202,926
Beed,,,Georai,228,,340,1,12,0,13,296,Dilip Nana Chandane,,179,558,737,296,1033
Beed,,,Georai,228,,341,0,0,0,0,8,Dilip Nana Chandane,,135,744,879,8,887
Beed,,,Georai,228,,342,1,0,0,1,25,Dilip Nana Chandane,,174,697,871,25,896
Beed,,,Georai,228,,343,0,2,0,2,61,Dilip Nana Chandane,,384,553,937,61,998
Beed,,,Georai,228,,344,1,2,0,3,36,Dilip Nana Chandane,,108,662,770,36,806
Beed,,,Georai,228,,345,1,3,0,4,105,Dilip Nana Chandane,,267,834,1101,105,1206
Beed,,,Georai,228,,346,2,2,0,4,59,Dilip Nana Chandane,,386,641,1027,59,1086
Beed,,,Georai,228,,347,0,0,0,0,27,Dilip Nana Chandane,,325,783,1108,27,1135
Beed,,,Georai,228,,348,0,0,0,0,2,Dilip Nana Chandane,,200,437,637,2,639
Beed,,,Georai,228,,349,0,0,0,0,9,Dilip Nana Chandane,,310,411,721,9,730
Beed,,,Georai,228,,350,2,5,0,7,47,Dilip Nana Chandane,,335,559,894,47,941
Beed,,,Georai,228,,1,14,15,0,29,17,Dilip Nana Chandane,,5,85,90,17,107
Beed,,,Georai,228,,351,4,7,0,11,204,Dilip Nana Chandane,,384,597,981,204,1185
Beed,,,Georai,228,,352,0,4,0,4,179,Dilip Nana Chandane,,311,531,842,179,1021
Beed,,,Georai,228,,353,0,0,0,0,168,Dilip Nana Chandane,,415,455,870,168,1038
Beed,,,Georai,228,,354,0,2,0,2,184,Dilip Nana Chandane,,281,719,1000,184,1184
Beed,,,Georai,228,,355,2,4,0,6,143,Dilip Nana Chandane,,221,489,710,143,853
Beed,,,Georai,228,,356,0,1,0,1,143,Dilip Nana Chandane,,123,458,581,143,724
Beed,,,Georai,228,,357,0,2,0,2,101,Dilip Nana Chandane,,255,451,706,101,807
Beed,,,Georai,228,,358,3,3,0,6,92,Dilip Nana Chandane,,356,509,865,92,957
Beed,,,Georai,228,,359,1,0,0,1,31,Dilip Nana Chandane,,194,664,858,31,889
Beed,,,Georai,228,,360,0,2,0,2,152,Dilip Nana Chandane,,139,581,720,152,872
Beed,,,Georai,228,,361,0,0,0,0,129,Dilip Nana Chandane,,333,501,834,129,963
Beed,,,Georai,228,,362,2,2,0,4,57,Dilip Nana Chandane,,259,574,833,57,890
Beed,,,Georai,228,,363,1,2,0,3,81,Dilip Nana Chandane,,483,559,1042,81,1123
Beed,,,Georai,228,,364,0,1,0,1,56,Dilip Nana Chandane,,144,531,675,56,731
Beed,,,Georai,228,,1,14,15,0,29,17,Dilip Nana Chandane,,5,85,90,17,107
Beed,,,Georai,228,,365,2,1,0,3,41,Dilip Nana Chandane,,258,706,964,41,1005
Beed,,,Georai,228,,366,0,0,0,0,58,Dilip Nana Chandane,,482,572,1054,58,1112
Beed,,,Georai,228,,367,2,6,0,8,187,Dilip Nana Chandane,,403,688,1091,187,1278
Beed,,,Georai,228,,368,1,8,0,9,215,Dilip Nana Chandane,,404,468,872,215,1087
Beed,,,Georai,228,,369,1,1,0,2,131,Dilip Nana Chandane,,436,505,941,131,1072
Beed,,,Georai,228,,370,0,2,0,2,103,Dilip Nana Chandane,,454,524,978,103,1081
Beed,,,Georai,228,,371,1,0,0,1,43,Dilip Nana Chandane,,340,530,870,43,913
Beed,,,Georai,228,,372,0,1,0,1,58,Dilip Nana Chandane,,527,552,1079,58,1137
Beed,,,Georai,228,,373,0,2,0,2,233,Dilip Nana Chandane,,323,728,1051,233,1284
Beed,,,Georai,228,,374,0,0,0,0,32,Dilip Nana Chandane,,191,498,689,32,721
Beed,,,Georai,228,,375,0,1,0,1,22,Dilip Nana Chandane,,125,895,1020,22,1042
Beed,,,Georai,228,,376,0,2,0,2,12,Dilip Nana Chandane,,80,889,969,12,981
Beed,,,Georai,228,,377,1,1,0,2,101,Dilip Nana Chandane,,239,617,856,101,957
Beed,,,Georai,228,,378,0,0,0,0,24,Dilip Nana Chandane,,173,536,709,24,733
Beed,,,Georai,228,,1,14,15,0,29,17,Dilip Nana Chandane,,5,85,90,17,107
Beed,,,Georai,228,,379,2,2,0,4,39,Dilip Nana Chandane,,270,822,1092,39,1131
Beed,,,Georai,228,,380,0,7,0,7,210,Dilip Nana Chandane,,530,529,1059,210,1269
Beed,,,Georai,228,,381,1,5,0,6,197,Dilip Nana Chandane,,500,546,1046,197,1243
Beed,,,Georai,228,,382,1,0,0,1,36,Dilip Nana Chandane,,364,737,1101,36,1137
Beed,,,Georai,228,,383,0,2,0,2,51,Dilip Nana Chandane,,190,603,793,51,844
Beed,,,Georai,228,,384,1,3,0,4,73,Dilip Nana Chandane,,319,736,1055,73,1128
Beed,,,Georai,228,,385,0,2,0,2,18,Dilip Nana Chandane,,191,652,843,18,861
Beed,,,Georai,228,,386,0,5,0,5,162,Dilip Nana Chandane,,310,657,967,162,1129
Beed,,,Georai,228,,387,2,4,0,6,161,Dilip Nana Chandane,,356,623,979,161,1140
Beed,,,Georai,228,,388,2,4,0,6,136,Dilip Nana Chandane,,358,711,1069,136,1205
Beed,,,Georai,228,,389,1,5,0,6,104,Dilip Nana Chandane,,291,811,1102,104,1206
Beed,,,Georai,228,,390,0,0,0,0,17,Dilip Nana Chandane,,189,640,829,17,846
Beed,,,Georai,228,,391,0,0,0,0,36,Dilip Nana Chandane,,173,686,859,36,895
Beed,,,Georai,228,,392,0,1,0,1,114,Dilip Nana Chandane,,310,585,895,114,1009
Beed,,,Georai,228,,1,14,15,0,29,17,Dilip Nana Chandane,,5,85,90,17,107
Beed,,,Georai,228,,393,1,14,0,15,341,Dilip Nana Chandane,,212,577,789,341,1130
Beed,,,Georai,228,,394,2,2,0,4,71,Dilip Nana Chandane,,204,614,818,71,889
Beed,,,Georai,228,,395,1,3,0,4,216,Dilip Nana Chandane,,132,578,710,216,926
Beed,,,Georai,228,,396,0,0,0,0,42,Dilip Nana Chandane,,48,488,536,42,578
Beed,,,Georai,228,,397,1,2,0,3,34,Dilip Nana Chandane,,158,529,687,34,721
Beed,,,Georai,228,,398,1,46,0,47,180,Dilip Nana Chandane,,128,511,639,180,819
Beed,,,Georai,228,,399,0,2,0,2,119,Dilip Nana Chandane,,15,550,565,119,684
Beed,,,Georai,228,,400,2,4,0,6,27,Dilip Nana Chandane,,461,716,1177,27,1204
Beed,,,Georai,228,,401,1,0,0,1,33,Dilip Nana Chandane,,245,1117,1362,33,1395
Beed,,,Georai,228,,402,0,0,0,0,25,Dilip Nana Chandane,,165,872,1037,25,1062
Beed,,,Georai,228,,403,1,0,0,1,19,Dilip Nana Chandane,,136,729,865,19,884
Beed,,,Georai,228,,404,1,1,0,2,32,Dilip Nana Chandane,,206,593,799,32,831
TOTAL,,,,,,,684,2125,0,2809,38398,,,115349,196437,311786,38398,350184
