District Name,District No,Jilha,Constituency Name,Constituency No,Total No. of Electors,Serial Poll,Total No. Valid Votes,No. of Rejected Votes,NOTA,Total,No. of Tendered Votes,Elected Person Name,Party Name of Elected Person,No. of Valid Votes Cast in Favour of Elected Person,Other Candidate Votes,Total EVM Votes,Total Postal ballot votes,Total Votes Polled
Ahmednagar,,,Parner,224,,1,5,575,0,580,1,EKNAL HSELIN INAR,,308,263,571,1,572
Ahmednagar,,,Parner,224,,2,4,635,0,639,3,EKNAL HSELIN INAR,,219,414,633,3,636
Ahmednagar,,,Parner,224,,3,3,969,0,972,1,EKNAL HSELIN INAR,,393,576,969,1,970
Ahmednagar,,,Parner,224,,4,5,638,0,643,0,EKNAL HSELIN INAR,,340,297,637,0,637
Ahmednagar,,,Parner,224,,5,41,848,0,889,4,EKNAL HSELIN INAR,,424,388,812,4,816
Ahmednagar,,,Parner,224,,6,3,549,0,552,1,EKNAL HSELIN INAR,,339,213,552,1,553
Ahmednagar,,,Parner,224,,7,2,562,0,564,1,EKNAL HSELIN INAR,,383,184,567,1,568
Ahmednagar,,,Parner,224,,8,2,700,0,702,3,EKNAL HSELIN INAR,,437,269,706,3,709
Ahmednagar,,,Parner,224,,9,5,603,0,608,2,EKNAL HSELIN INAR,,369,238,607,2,609
Ahmednagar,,,Parner,224,,10,6,456,0,462,1,EKNAL HSELIN INAR,,300,160,460,1,461
Ahmednagar,,,Parner,224,,11,3,637,0,640,3,EKNAL HSELIN INAR,,429,216,645,3,648
Ahmednagar,,,Parner,224,,12,6,776,0,782,4,EKNAL HSELIN INAR,,421,361,782,4,786
Ahmednagar,,,Parner,224,,13,26,774,0,800,6,EKNAL HSELIN INAR,,511,250,761,6,767
Ahmednagar,,,Parner,224,,14,8,487,0,495,2,EKNAL HSELIN INAR,,270,223,493,2,495
Ahmednagar,,,Parner,224,,15,2,802,0,804,3,EKNAL HSELIN INAR,,498,317,815,3,818
Ahmednagar,,,Parner,224,,16,3,634,0,637,2,EKNAL HSELIN INAR,,369,278,647,2,649
Ahmednagar,,,Parner,224,,17,1,563,0,564,1,EKNAL HSELIN INAR,,267,312,579,1,580
Ahmednagar,,,Parner,224,,18,3,700,0,703,2,EKNAL HSELIN INAR,,308,407,715,2,717
Ahmednagar,,,Parner,224,,19,2,612,0,614,1,EKNAL HSELIN INAR,,279,350,629,1,630
Ahmednagar,,,Parner,224,,20,12,852,0,864,0,EKNAL HSELIN INAR,,421,439,860,0,860
Ahmednagar,,,Parner,224,,21,12,812,0,824,3,EKNAL HSELIN INAR,,488,333,821,3,824
Ahmednagar,,,Parner,224,,22,3,379,0,382,2,EKNAL HSELIN INAR,,205,193,398,2,400
Ahmednagar,,,Parner,224,,23,13,804,0,817,4,EKNAL HSELIN INAR,,319,495,814,4,818
Ahmednagar,,,Parner,224,,24,2,656,0,658,5,EKNAL HSELIN INAR,,205,473,678,5,683
Ahmednagar,,,Parner,224,,25,5,687,0,692,2,EKNAL HSELIN INAR,,289,418,707,2,709
Ahmednagar,,,Parner,224,,26,7,523,0,530,3,EKNAL HSELIN INAR,,273,269,542,3,545
Ahmednagar,,,Parner,224,,27,6,502,0,508,3,EKNAL HSELIN INAR,,188,335,523,3,526
Ahmednagar,,,Parner,224,,28,4,481,0,485,2,EKNAL HSELIN INAR,,174,331,505,2,507
Ahmednagar,,,Parner,224,,29,2,371,0,373,4,EKNAL HSELIN INAR,,143,255,398,4,402
Ahmednagar,,,Parner,224,,30,0,230,0,230,0,EKNAL HSELIN INAR,,139,121,260,0,260
Ahmednagar,,,Parner,224,,31,3,841,0,844,3,EKNAL HSELIN INAR,,342,527,869,3,872
Ahmednagar,,,Parner,224,,32,2,394,0,396,0,EKNAL HSELIN INAR,,98,326,424,0,424
Ahmednagar,,,Parner,224,,33,1,644,0,645,4,EKNAL HSELIN INAR,,249,427,676,4,680
Ahmednagar,,,Parner,224,,34,13,634,0,647,4,EKNAL HSELIN INAR,,262,393,655,4,659
Ahmednagar,,,Parner,224,,35,1,592,0,593,5,EKNAL HSELIN INAR,,316,310,626,5,631
Ahmednagar,,,Parner,224,,36,5,777,0,782,3,EKNAL HSELIN INAR,,366,442,808,3,811
Ahmednagar,,,Parner,224,,37,11,911,0,922,10,EKNAL HSELIN INAR,,356,581,937,10,947
Ahmednagar,,,Parner,224,,38,4,750,0,754,7,EKNAL HSELIN INAR,,346,438,784,7,791
Ahmednagar,,,Parner,224,,39,3,868,0,871,6,EKNAL HSELIN INAR,,472,432,904,6,910
Ahmednagar,,,Parner,224,,40,4,449,0,453,2,EKNAL HSELIN INAR,,255,230,485,2,487
Ahmednagar,,,Parner,224,,41,1,487,0,488,0,EKNAL HSELIN INAR,,200,327,527,0,527
Ahmednagar,,,Parner,224,,42,5,803,0,808,2,EKNAL HSELIN INAR,,448,392,840,2,842
Ahmednagar,,,Parner,224,,43,2,795,0,797,3,EKNAL HSELIN INAR,,379,457,836,3,839
Ahmednagar,,,Parner,224,,44,0,869,0,869,5,EKNAL HSELIN INAR,,397,516,913,5,918
Ahmednagar,,,Parner,224,,45,4,661,0,665,4,EKNAL HSELIN INAR,,246,456,702,4,706
Ahmednagar,,,Parner,224,,46,2,681,0,683,4,EKNAL HSELIN INAR,,262,463,725,4,729
Ahmednagar,,,Parner,224,,47,7,562,0,569,4,EKNAL HSELIN INAR,,221,381,602,4,606
Ahmednagar,,,Parner,224,,48,4,506,0,510,4,EKNAL HSELIN INAR,,257,293,550,4,554
Ahmednagar,,,Parner,224,,49,2,517,0,519,3,EKNAL HSELIN INAR,,307,257,564,3,567
Ahmednagar,,,Parner,224,,50,9,509,0,518,4,EKNAL HSELIN INAR,,301,249,550,4,554
Ahmednagar,,,Parner,224,,51,1,488,0,489,0,EKNAL HSELIN INAR,,249,289,538,0,538
Ahmednagar,,,Parner,224,,52,1,557,0,558,2,EKNAL HSELIN INAR,,366,242,608,2,610
Ahmednagar,,,Parner,224,,53,3,467,0,470,2,EKNAL HSELIN INAR,,283,234,517,2,519
Ahmednagar,,,Parner,224,,54,0,252,0,252,3,EKNAL HSELIN INAR,,157,149,306,3,309
Ahmednagar,,,Parner,224,,55,3,808,0,811,5,EKNAL HSELIN INAR,,443,417,860,5,865
Ahmednagar,,,Parner,224,,56,1,791,0,792,0,EKNAL HSELIN INAR,,378,468,846,0,846
Ahmednagar,,,Parner,224,,57,2,320,0,322,0,EKNAL HSELIN INAR,,166,209,375,0,375
Ahmednagar,,,Parner,224,,58,7,362,0,369,5,EKNAL HSELIN INAR,,153,260,413,5,418
Ahmednagar,,,Parner,224,,59,4,573,0,577,3,EKNAL HSELIN INAR,,147,481,628,3,631
Ahmednagar,,,Parner,224,,60,6,793,0,799,3,EKNAL HSELIN INAR,,359,488,847,3,850
Ahmednagar,,,Parner,224,,61,0,671,0,671,2,EKNAL HSELIN INAR,,393,339,732,2,734
Ahmednagar,,,Parner,224,,62,4,662,0,666,2,EKNAL HSELIN INAR,,293,427,720,2,722
Ahmednagar,,,Parner,224,,63,1,451,0,452,0,EKNAL HSELIN INAR,,266,247,513,0,513
Ahmednagar,,,Parner,224,,64,5,965,0,970,5,EKNAL HSELIN INAR,,619,405,1024,5,1029
Ahmednagar,,,Parner,224,,65,5,896,0,901,5,EKNAL HSELIN INAR,,613,343,956,5,961
Ahmednagar,,,Parner,224,,66,4,739,0,743,2,EKNAL HSELIN INAR,,468,333,801,2,803
Ahmednagar,,,Parner,224,,67,9,1103,0,1112,3,EKNAL HSELIN INAR,,580,581,1161,3,1164
Ahmednagar,,,Parner,224,,68,4,624,0,628,1,EKNAL HSELIN INAR,,94,594,688,1,689
Ahmednagar,,,Parner,224,,69,1,672,0,673,2,EKNAL HSELIN INAR,,105,635,740,2,742
Ahmednagar,,,Parner,224,,70,5,897,0,902,4,EKNAL HSELIN INAR,,332,630,962,4,966
Ahmednagar,,,Parner,224,,71,1,676,0,677,1,EKNAL HSELIN INAR,,320,426,746,1,747
Ahmednagar,,,Parner,224,,72,2,420,0,422,1,EKNAL HSELIN INAR,,195,295,490,1,491
Ahmednagar,,,Parner,224,,73,2,413,0,415,0,EKNAL HSELIN INAR,,198,286,484,0,484
Ahmednagar,,,Parner,224,,74,8,894,0,902,2,EKNAL HSELIN INAR,,487,473,960,2,962
Ahmednagar,,,Parner,224,,75,5,496,0,501,1,EKNAL HSELIN INAR,,193,373,566,1,567
Ahmednagar,,,Parner,224,,76,7,876,0,883,3,EKNAL HSELIN INAR,,411,534,945,3,948
Ahmednagar,,,Parner,224,,77,4,787,0,791,5,EKNAL HSELIN INAR,,401,459,860,5,865
Ahmednagar,,,Parner,224,,78,4,732,0,736,4,EKNAL HSELIN INAR,,452,354,806,4,810
Ahmednagar,,,Parner,224,,79,7,606,0,613,4,EKNAL HSELIN INAR,,366,312,678,4,682
Ahmednagar,,,Parner,224,,80,4,665,0,669,2,EKNAL HSELIN INAR,,345,396,741,2,743
Ahmednagar,,,Parner,224,,81,7,831,0,838,4,EKNAL HSELIN INAR,,498,407,905,4,909
Ahmednagar,,,Parner,224,,82,1,277,0,278,0,EKNAL HSELIN INAR,,164,194,358,0,358
Ahmednagar,,,Parner,224,,83,3,373,0,376,2,EKNAL HSELIN INAR,,142,311,453,2,455
Ahmednagar,,,Parner,224,,84,1,818,0,819,5,EKNAL HSELIN INAR,,489,412,901,5,906
Ahmednagar,,,Parner,224,,85,3,595,0,598,0,EKNAL HSELIN INAR,,287,390,677,0,677
Ahmednagar,,,Parner,224,,86,3,585,0,588,1,EKNAL HSELIN INAR,,269,399,668,1,669
Ahmednagar,,,Parner,224,,87,0,710,0,710,0,EKNAL HSELIN INAR,,306,491,797,0,797
Ahmednagar,,,Parner,224,,88,2,529,0,531,2,EKNAL HSELIN INAR,,238,377,615,2,617
Ahmednagar,,,Parner,224,,89,3,905,0,908,0,EKNAL HSELIN INAR,,416,575,991,0,991
Ahmednagar,,,Parner,224,,90,1,409,0,410,1,EKNAL HSELIN INAR,,189,309,498,1,499
Ahmednagar,,,Parner,224,,91,1,697,0,698,1,EKNAL HSELIN INAR,,373,414,787,1,788
Ahmednagar,,,Parner,224,,92,6,894,0,900,2,EKNAL HSELIN INAR,,447,533,980,2,982
Ahmednagar,,,Parner,224,,93,0,701,0,701,2,EKNAL HSELIN INAR,,377,417,794,2,796
Ahmednagar,,,Parner,224,,94,0,862,0,862,2,EKNAL HSELIN INAR,,455,501,956,2,958
Ahmednagar,,,Parner,224,,95,1,808,0,809,2,EKNAL HSELIN INAR,,509,393,902,2,904
Ahmednagar,,,Parner,224,,96,13,967,0,980,3,EKNAL HSELIN INAR,,410,640,1050,3,1053
Ahmednagar,,,Parner,224,,97,3,669,0,672,2,EKNAL HSELIN INAR,,340,423,763,2,765
Ahmednagar,,,Parner,224,,98,1,587,0,588,2,EKNAL HSELIN INAR,,267,417,684,2,686
Ahmednagar,,,Parner,224,,99,5,854,0,859,4,EKNAL HSELIN INAR,,328,620,948,4,952
Ahmednagar,,,Parner,224,,100,4,484,0,488,1,EKNAL HSELIN INAR,,225,355,580,1,581
Ahmednagar,,,Parner,224,,101,1,566,0,567,2,EKNAL HSELIN INAR,,265,401,666,2,668
Ahmednagar,,,Parner,224,,102,0,980,0,980,3,EKNAL HSELIN INAR,,467,615,1082,3,1085
Ahmednagar,,,Parner,224,,103,1,758,0,759,5,EKNAL HSELIN INAR,,419,441,860,5,865
Ahmednagar,,,Parner,224,,104,2,718,0,720,3,EKNAL HSELIN INAR,,403,417,820,3,823
Ahmednagar,,,Parner,224,,105,1,867,0,868,6,EKNAL HSELIN INAR,,514,457,971,6,977
Ahmednagar,,,Parner,224,,106,4,846,0,850,4,EKNAL HSELIN INAR,,491,457,948,4,952
Ahmednagar,,,Parner,224,,107,2,923,0,925,11,EKNAL HSELIN INAR,,534,494,1028,11,1039
Ahmednagar,,,Parner,224,,108,2,822,0,824,10,EKNAL HSELIN INAR,,452,476,928,10,938
Ahmednagar,,,Parner,224,,109,1,655,0,656,2,EKNAL HSELIN INAR,,269,494,763,2,765
Ahmednagar,,,Parner,224,,110,1,659,0,660,1,EKNAL HSELIN INAR,,294,474,768,1,769
Ahmednagar,,,Parner,224,,111,1,705,0,706,5,EKNAL HSELIN INAR,,290,525,815,5,820
Ahmednagar,,,Parner,224,,112,1,654,0,655,11,EKNAL HSELIN INAR,,301,464,765,11,776
Ahmednagar,,,Parner,224,,113,0,616,0,616,5,EKNAL HSELIN INAR,,287,442,729,5,734
Ahmednagar,,,Parner,224,,114,3,732,0,735,2,EKNAL HSELIN INAR,,372,471,843,2,845
Ahmednagar,,,Parner,224,,115,1,770,0,771,7,EKNAL HSELIN INAR,,340,544,884,7,891
Ahmednagar,,,Parner,224,,116,3,716,0,719,3,EKNAL HSELIN INAR,,330,499,829,3,832
Ahmednagar,,,Parner,224,,117,7,989,0,996,4,EKNAL HSELIN INAR,,537,562,1099,4,1103
Ahmednagar,,,Parner,224,,118,4,730,0,734,6,EKNAL HSELIN INAR,,431,413,844,6,850
Ahmednagar,,,Parner,224,,119,4,747,0,751,4,EKNAL HSELIN INAR,,428,434,862,4,866
Ahmednagar,,,Parner,224,,120,4,621,0,625,5,EKNAL HSELIN INAR,,362,375,737,5,742
Ahmednagar,,,Parner,224,,121,1,724,0,725,3,EKNAL HSELIN INAR,,395,449,844,3,847
Ahmednagar,,,Parner,224,,122,2,627,0,629,1,EKNAL HSELIN INAR,,325,422,747,1,748
Ahmednagar,,,Parner,224,,123,1,885,0,886,4,EKNAL HSELIN INAR,,342,665,1007,4,1011
Ahmednagar,,,Parner,224,,124,0,708,0,708,3,EKNAL HSELIN INAR,,296,536,832,3,835
Ahmednagar,,,Parner,224,,125,1,526,0,527,3,EKNAL HSELIN INAR,,188,462,650,3,653
Ahmednagar,,,Parner,224,,126,0,602,0,602,4,EKNAL HSELIN INAR,,215,513,728,4,732
Ahmednagar,,,Parner,224,,127,9,625,0,634,3,EKNAL HSELIN INAR,,187,556,743,3,746
Ahmednagar,,,Parner,224,,128,2,420,0,422,2,EKNAL HSELIN INAR,,112,434,546,2,548
Ahmednagar,,,Parner,224,,129,2,629,0,631,5,EKNAL HSELIN INAR,,375,381,756,5,761
Ahmednagar,,,Parner,224,,130,0,431,0,431,3,EKNAL HSELIN INAR,,130,431,561,3,564
Ahmednagar,,,Parner,224,,131,26,722,0,748,5,EKNAL HSELIN INAR,,318,509,827,5,832
Ahmednagar,,,Parner,224,,132,20,767,0,787,1,EKNAL HSELIN INAR,,280,599,879,1,880
Ahmednagar,,,Parner,224,,133,0,748,0,748,4,EKNAL HSELIN INAR,,312,569,881,4,885
Ahmednagar,,,Parner,224,,134,4,879,0,883,1,EKNAL HSELIN INAR,,386,623,1009,1,1010
Ahmednagar,,,Parner,224,,135,3,1016,0,1019,2,EKNAL HSELIN INAR,,522,626,1148,2,1150
Ahmednagar,,,Parner,224,,136,1,457,0,458,0,EKNAL HSELIN INAR,,241,351,592,0,592
Ahmednagar,,,Parner,224,,137,0,620,0,620,3,EKNAL HSELIN INAR,,343,414,757,3,760
Ahmednagar,,,Parner,224,,138,2,701,0,703,1,EKNAL HSELIN INAR,,382,455,837,1,838
Ahmednagar,,,Parner,224,,139,3,576,0,579,1,EKNAL HSELIN INAR,,282,430,712,1,713
Ahmednagar,,,Parner,224,,140,3,598,0,601,3,EKNAL HSELIN INAR,,241,494,735,3,738
Ahmednagar,,,Parner,224,,141,1,569,0,570,4,EKNAL HSELIN INAR,,268,441,709,4,713
Ahmednagar,,,Parner,224,,142,5,848,0,853,2,EKNAL HSELIN INAR,,468,517,985,2,987
Ahmednagar,,,Parner,224,,143,0,319,0,319,1,EKNAL HSELIN INAR,,191,271,462,1,463
Ahmednagar,,,Parner,224,,144,4,571,0,575,0,EKNAL HSELIN INAR,,181,530,711,0,711
Ahmednagar,,,Parner,224,,145,4,390,0,394,3,EKNAL HSELIN INAR,,203,328,531,3,534
Ahmednagar,,,Parner,224,,146,5,482,0,487,0,EKNAL HSELIN INAR,,263,360,623,0,623
Ahmednagar,,,Parner,224,,147,4,826,0,830,2,EKNAL HSELIN INAR,,459,510,969,2,971
Ahmednagar,,,Parner,224,,148,5,782,0,787,5,EKNAL HSELIN INAR,,395,530,925,5,930
Ahmednagar,,,Parner,224,,149,5,722,0,727,2,EKNAL HSELIN INAR,,381,485,866,2,868
Ahmednagar,,,Parner,224,,150,2,537,0,539,1,EKNAL HSELIN INAR,,287,398,685,1,686
Ahmednagar,,,Parner,224,,151,2,348,0,350,1,EKNAL HSELIN INAR,,139,358,497,1,498
Ahmednagar,,,Parner,224,,152,3,561,0,564,0,EKNAL HSELIN INAR,,222,488,710,0,710
Ahmednagar,,,Parner,224,,153,5,444,0,449,2,EKNAL HSELIN INAR,,246,346,592,2,594
Ahmednagar,,,Parner,224,,154,24,520,0,544,1,EKNAL HSELIN INAR,,341,309,650,1,651
Ahmednagar,,,Parner,224,,155,3,522,0,525,2,EKNAL HSELIN INAR,,187,487,674,2,676
Ahmednagar,,,Parner,224,,156,3,718,0,721,4,EKNAL HSELIN INAR,,282,589,871,4,875
Ahmednagar,,,Parner,224,,157,4,725,0,729,9,EKNAL HSELIN INAR,,290,588,878,9,887
Ahmednagar,,,Parner,224,,158,2,530,0,532,3,EKNAL HSELIN INAR,,183,503,686,3,689
Ahmednagar,,,Parner,224,,159,13,766,0,779,0,EKNAL HSELIN INAR,,439,473,912,0,912
Ahmednagar,,,Parner,224,,160,3,620,0,623,0,EKNAL HSELIN INAR,,306,471,777,0,777
Ahmednagar,,,Parner,224,,161,17,833,0,850,7,EKNAL HSELIN INAR,,363,614,977,7,984
Ahmednagar,,,Parner,224,,162,42,659,0,701,4,EKNAL HSELIN INAR,,353,426,779,4,783
Ahmednagar,,,Parner,224,,163,17,740,0,757,1,EKNAL HSELIN INAR,,333,553,886,1,887
Ahmednagar,,,Parner,224,,164,2,442,0,444,0,EKNAL HSELIN INAR,,188,416,604,0,604
Ahmednagar,,,Parner,224,,165,5,341,0,346,4,EKNAL HSELIN INAR,,102,399,501,4,505
Ahmednagar,,,Parner,224,,166,5,687,0,692,0,EKNAL HSELIN INAR,,302,546,848,0,848
Ahmednagar,,,Parner,224,,167,6,826,0,832,5,EKNAL HSELIN INAR,,352,635,987,5,992
Ahmednagar,,,Parner,224,,168,1,715,0,716,3,EKNAL HSELIN INAR,,341,541,882,3,885
Ahmednagar,,,Parner,224,,169,2,493,0,495,1,EKNAL HSELIN INAR,,159,501,660,1,661
Ahmednagar,,,Parner,224,,170,0,403,0,403,0,EKNAL HSELIN INAR,,150,423,573,0,573
Ahmednagar,,,Parner,224,,171,79,756,0,835,5,EKNAL HSELIN INAR,,342,506,848,5,853
Ahmednagar,,,Parner,224,,172,15,655,0,670,1,EKNAL HSELIN INAR,,370,442,812,1,813
Ahmednagar,,,Parner,224,,173,4,561,0,565,3,EKNAL HSELIN INAR,,264,466,730,3,733
Ahmednagar,,,Parner,224,,174,33,979,0,1012,5,EKNAL HSELIN INAR,,531,589,1120,5,1125
Ahmednagar,,,Parner,224,,175,25,700,0,725,3,EKNAL HSELIN INAR,,383,467,850,3,853
Ahmednagar,,,Parner,224,,176,9,377,0,386,1,EKNAL HSELIN INAR,,198,346,544,1,545
Ahmednagar,,,Parner,224,,177,4,763,0,767,2,EKNAL HSELIN INAR,,286,650,936,2,938
Ahmednagar,,,Parner,224,,178,5,637,0,642,1,EKNAL HSELIN INAR,,438,372,810,1,811
Ahmednagar,,,Parner,224,,179,2,567,0,569,4,EKNAL HSELIN INAR,,386,358,744,4,748
Ahmednagar,,,Parner,224,,180,11,535,0,546,1,EKNAL HSELIN INAR,,324,380,704,1,705
Ahmednagar,,,Parner,224,,181,4,655,0,659,0,EKNAL HSELIN INAR,,401,431,832,0,832
Ahmednagar,,,Parner,224,,182,63,744,0,807,5,EKNAL HSELIN INAR,,448,415,863,5,868
Ahmednagar,,,Parner,224,,183,77,863,0,940,6,EKNAL HSELIN INAR,,397,572,969,6,975
Ahmednagar,,,Parner,224,,184,119,1014,0,1133,2,EKNAL HSELIN INAR,,654,425,1079,2,1081
Ahmednagar,,,Parner,224,,185,134,608,0,742,2,EKNAL HSELIN INAR,,310,349,659,2,661
Ahmednagar,,,Parner,224,,186,101,685,0,786,2,EKNAL HSELIN INAR,,363,407,770,2,772
Ahmednagar,,,Parner,224,,187,117,1017,0,1134,4,EKNAL HSELIN INAR,,559,528,1087,4,1091
Ahmednagar,,,Parner,224,,188,45,618,0,663,6,EKNAL HSELIN INAR,,283,478,761,6,767
Ahmednagar,,,Parner,224,,189,39,742,0,781,4,EKNAL HSELIN INAR,,407,485,892,4,896
Ahmednagar,,,Parner,224,,190,138,651,0,789,4,EKNAL HSELIN INAR,,320,383,703,4,707
Ahmednagar,,,Parner,224,,191,5,708,0,713,2,EKNAL HSELIN INAR,,375,519,894,2,896
Ahmednagar,,,Parner,224,,192,7,918,0,925,2,EKNAL HSELIN INAR,,406,697,1103,2,1105
Ahmednagar,,,Parner,224,,193,1,602,0,603,2,EKNAL HSELIN INAR,,271,523,794,2,796
Ahmednagar,,,Parner,224,,194,5,787,0,792,0,EKNAL HSELIN INAR,,334,642,976,0,976
Ahmednagar,,,Parner,224,,195,3,710,0,713,2,EKNAL HSELIN INAR,,244,658,902,2,904
Ahmednagar,,,Parner,224,,196,1,525,0,526,3,EKNAL HSELIN INAR,,60,660,720,3,723
Ahmednagar,,,Parner,224,,197,1,342,0,343,0,EKNAL HSELIN INAR,,51,487,538,0,538
Ahmednagar,,,Parner,224,,198,2,706,0,708,5,EKNAL HSELIN INAR,,191,711,902,5,907
Ahmednagar,,,Parner,224,,199,1,716,0,717,3,EKNAL HSELIN INAR,,70,844,914,3,917
Ahmednagar,,,Parner,224,,200,4,828,0,832,1,EKNAL HSELIN INAR,,252,772,1024,1,1025
Ahmednagar,,,Parner,224,,201,1,601,0,602,4,EKNAL HSELIN INAR,,107,694,801,4,805
Ahmednagar,,,Parner,224,,202,1,631,0,632,2,EKNAL HSELIN INAR,,245,587,832,2,834
Ahmednagar,,,Parner,224,,203,1,517,0,518,5,EKNAL HSELIN INAR,,149,570,719,5,724
Ahmednagar,,,Parner,224,,204,3,734,0,737,2,EKNAL HSELIN INAR,,207,728,935,2,937
Ahmednagar,,,Parner,224,,205,1,472,0,473,3,EKNAL HSELIN INAR,,117,559,676,3,679
Ahmednagar,,,Parner,224,,206,1,518,0,519,5,EKNAL HSELIN INAR,,198,525,723,5,728
Ahmednagar,,,Parner,224,,207,0,750,0,750,0,EKNAL HSELIN INAR,,227,730,957,0,957
Ahmednagar,,,Parner,224,,208,3,940,0,943,8,EKNAL HSELIN INAR,,290,855,1145,8,1153
Ahmednagar,,,Parner,224,,209,0,740,0,740,0,EKNAL HSELIN INAR,,174,775,949,0,949
Ahmednagar,,,Parner,224,,210,3,789,0,792,2,EKNAL HSELIN INAR,,328,668,996,2,998
Ahmednagar,,,Parner,224,,211,2,659,0,661,1,EKNAL HSELIN INAR,,145,723,868,1,869
Ahmednagar,,,Parner,224,,212,1,551,0,552,7,EKNAL HSELIN INAR,,176,586,762,7,769
Ahmednagar,,,Parner,224,,213,0,180,0,180,0,EKNAL HSELIN INAR,,32,361,393,0,393
Ahmednagar,,,Parner,224,,214,4,683,0,687,4,EKNAL HSELIN INAR,,277,616,893,4,897
Ahmednagar,,,Parner,224,,215,4,380,0,384,6,EKNAL HSELIN INAR,,72,519,591,6,597
Ahmednagar,,,Parner,224,,216,5,782,0,787,0,EKNAL HSELIN INAR,,359,634,993,0,993
Ahmednagar,,,Parner,224,,217,9,708,0,717,6,EKNAL HSELIN INAR,,336,580,916,6,922
Ahmednagar,,,Parner,224,,218,12,777,0,789,1,EKNAL HSELIN INAR,,388,595,983,1,984
Ahmednagar,,,Parner,224,,219,1,555,0,556,0,EKNAL HSELIN INAR,,346,427,773,0,773
Ahmednagar,,,Parner,224,,220,36,437,0,473,1,EKNAL HSELIN INAR,,233,388,621,1,622
Ahmednagar,,,Parner,224,,221,24,553,0,577,2,EKNAL HSELIN INAR,,277,473,750,2,752
Ahmednagar,,,Parner,224,,222,7,649,0,656,2,EKNAL HSELIN INAR,,435,429,864,2,866
Ahmednagar,,,Parner,224,,223,8,647,0,655,3,EKNAL HSELIN INAR,,413,449,862,3,865
Ahmednagar,,,Parner,224,,224,23,788,0,811,1,EKNAL HSELIN INAR,,440,549,989,1,990
Ahmednagar,,,Parner,224,,225,1,786,0,787,3,EKNAL HSELIN INAR,,237,773,1010,3,1013
Ahmednagar,,,Parner,224,,226,3,770,0,773,6,EKNAL HSELIN INAR,,391,602,993,6,999
Ahmednagar,,,Parner,224,,227,8,498,0,506,0,EKNAL HSELIN INAR,,200,517,717,0,717
Ahmednagar,,,Parner,224,,228,9,698,0,707,10,EKNAL HSELIN INAR,,324,593,917,10,927
Ahmednagar,,,Parner,224,,229,2,666,0,668,5,EKNAL HSELIN INAR,,381,512,893,5,898
Ahmednagar,,,Parner,224,,230,2,664,0,666,2,EKNAL HSELIN INAR,,307,585,892,2,894
Ahmednagar,,,Parner,224,,231,2,927,0,929,2,EKNAL HSELIN INAR,,404,752,1156,2,1158
Ahmednagar,,,Parner,224,,232,6,645,0,651,2,EKNAL HSELIN INAR,,379,492,871,2,873
Ahmednagar,,,Parner,224,,233,4,534,0,538,1,EKNAL HSELIN INAR,,288,475,763,1,764
Ahmednagar,,,Parner,224,,234,0,644,0,644,0,EKNAL HSELIN INAR,,238,640,878,0,878
Ahmednagar,,,Parner,224,,235,2,701,0,703,1,EKNAL HSELIN INAR,,392,542,934,1,935
Ahmednagar,,,Parner,224,,236,1,538,0,539,1,EKNAL HSELIN INAR,,248,525,773,1,774
Ahmednagar,,,Parner,224,,237,2,676,0,678,1,EKNAL HSELIN INAR,,236,675,911,1,912
Ahmednagar,,,Parner,224,,238,3,996,0,999,0,EKNAL HSELIN INAR,,605,626,1231,0,1231
Ahmednagar,,,Parner,224,,239,1,663,0,664,2,EKNAL HSELIN INAR,,290,611,901,2,903
Ahmednagar,,,Parner,224,,240,3,493,0,496,2,EKNAL HSELIN INAR,,235,495,730,2,732
Ahmednagar,,,Parner,224,,241,4,788,0,792,3,EKNAL HSELIN INAR,,302,723,1025,3,1028
Ahmednagar,,,Parner,224,,242,4,854,0,858,8,EKNAL HSELIN INAR,,512,580,1092,8,1100
Ahmednagar,,,Parner,224,,243,1,331,0,332,0,EKNAL HSELIN INAR,,186,387,573,0,573
Ahmednagar,,,Parner,224,,244,2,591,0,593,1,EKNAL HSELIN INAR,,239,594,833,1,834
Ahmednagar,,,Parner,224,,245,4,508,0,512,3,EKNAL HSELIN INAR,,136,613,749,3,752
Ahmednagar,,,Parner,224,,246,1,919,0,920,0,EKNAL HSELIN INAR,,163,1001,1164,0,1164
Ahmednagar,,,Parner,224,,247,2,374,0,376,0,EKNAL HSELIN INAR,,126,493,619,0,619
Ahmednagar,,,Parner,224,,248,2,608,0,610,0,EKNAL HSELIN INAR,,187,667,854,0,854
Ahmednagar,,,Parner,224,,249,6,607,0,613,7,EKNAL HSELIN INAR,,311,539,850,7,857
Ahmednagar,,,Parner,224,,250,0,341,0,341,1,EKNAL HSELIN INAR,,161,430,591,1,592
Ahmednagar,,,Parner,224,,251,10,593,0,603,4,EKNAL HSELIN INAR,,277,557,834,4,838
Ahmednagar,,,Parner,224,,252,7,544,0,551,1,EKNAL HSELIN INAR,,229,560,789,1,790
Ahmednagar,,,Parner,224,,253,8,925,0,933,3,EKNAL HSELIN INAR,,444,726,1170,3,1173
Ahmednagar,,,Parner,224,,254,3,598,0,601,0,EKNAL HSELIN INAR,,251,598,849,0,849
Ahmednagar,,,Parner,224,,255,5,616,0,621,0,EKNAL HSELIN INAR,,414,452,866,0,866
Ahmednagar,,,Parner,224,,256,7,236,0,243,0,EKNAL HSELIN INAR,,141,344,485,0,485
Ahmednagar,,,Parner,224,,257,4,402,0,406,4,EKNAL HSELIN INAR,,157,498,655,4,659
Ahmednagar,,,Parner,224,,258,15,1028,0,1043,2,EKNAL HSELIN INAR,,547,724,1271,2,1273
Ahmednagar,,,Parner,224,,259,5,942,0,947,5,EKNAL HSELIN INAR,,399,797,1196,5,1201
Ahmednagar,,,Parner,224,,260,2,551,0,553,1,EKNAL HSELIN INAR,,237,572,809,1,810
Ahmednagar,,,Parner,224,,261,2,680,0,682,4,EKNAL HSELIN INAR,,185,754,939,4,943
Ahmednagar,,,Parner,224,,262,1,570,0,571,0,EKNAL HSELIN INAR,,116,715,831,0,831
Ahmednagar,,,Parner,224,,263,0,958,0,958,2,EKNAL HSELIN INAR,,192,1029,1221,2,1223
Ahmednagar,,,Parner,224,,264,1,714,0,715,1,EKNAL HSELIN INAR,,155,822,977,1,978
Ahmednagar,,,Parner,224,,265,5,677,0,682,4,EKNAL HSELIN INAR,,343,594,937,4,941
Ahmednagar,,,Parner,224,,266,7,872,0,879,3,EKNAL HSELIN INAR,,476,655,1131,3,1134
Ahmednagar,,,Parner,224,,267,2,909,0,911,4,EKNAL HSELIN INAR,,326,848,1174,4,1178
Ahmednagar,,,Parner,224,,268,18,612,0,630,4,EKNAL HSELIN INAR,,238,624,862,4,866
Ahmednagar,,,Parner,224,,269,1,581,0,582,4,EKNAL HSELIN INAR,,312,537,849,4,853
Ahmednagar,,,Parner,224,,270,3,593,0,596,5,EKNAL HSELIN INAR,,274,586,860,5,865
Ahmednagar,,,Parner,224,,271,0,582,0,582,6,EKNAL HSELIN INAR,,190,663,853,6,859
Ahmednagar,,,Parner,224,,272,3,610,0,613,2,EKNAL HSELIN INAR,,277,602,879,2,881
Ahmednagar,,,Parner,224,,273,1,563,0,564,0,EKNAL HSELIN INAR,,220,615,835,0,835
Ahmednagar,,,Parner,224,,274,3,710,0,713,1,EKNAL HSELIN INAR,,188,793,981,1,982
Ahmednagar,,,Parner,224,,275,0,530,0,530,0,EKNAL HSELIN INAR,,188,617,805,0,805
Ahmednagar,,,Parner,224,,276,0,609,0,609,2,EKNAL HSELIN INAR,,322,563,885,2,887
Ahmednagar,,,Parner,224,,277,3,571,0,574,1,EKNAL HSELIN INAR,,247,598,845,1,846
Ahmednagar,,,Parner,224,,278,0,695,0,695,1,EKNAL HSELIN INAR,,333,640,973,1,974
Ahmednagar,,,Parner,224,,279,0,659,0,659,3,EKNAL HSELIN INAR,,268,670,938,3,941
Ahmednagar,,,Parner,224,,280,2,598,0,600,0,EKNAL HSELIN INAR,,76,800,876,0,876
Ahmednagar,,,Parner,224,,281,2,682,0,684,3,EKNAL HSELIN INAR,,70,891,961,3,964
Ahmednagar,,,Parner,224,,282,0,503,0,503,0,EKNAL HSELIN INAR,,59,726,785,0,785
Ahmednagar,,,Parner,224,,283,2,1159,0,1161,1,EKNAL HSELIN INAR,,195,1245,1440,1,1441
Ahmednagar,,,Parner,224,,284,1,734,0,735,0,EKNAL HSELIN INAR,,67,950,1017,0,1017
Ahmednagar,,,Parner,224,,285,1,498,0,499,2,EKNAL HSELIN INAR,,206,576,782,2,784
Ahmednagar,,,Parner,224,,286,0,559,0,559,1,EKNAL HSELIN INAR,,207,638,845,1,846
Ahmednagar,,,Parner,224,,287,4,774,0,778,3,EKNAL HSELIN INAR,,280,777,1057,3,1060
Ahmednagar,,,Parner,224,,288,1,834,0,835,1,EKNAL HSELIN INAR,,311,810,1121,1,1122
Ahmednagar,,,Parner,224,,289,4,548,0,552,0,EKNAL HSELIN INAR,,245,588,833,0,833
Ahmednagar,,,Parner,224,,290,5,617,0,622,0,EKNAL HSELIN INAR,,304,598,902,0,902
Ahmednagar,,,Parner,224,,291,0,596,0,596,1,EKNAL HSELIN INAR,,398,489,887,1,888
Ahmednagar,,,Parner,224,,292,7,597,0,604,0,EKNAL HSELIN INAR,,324,558,882,0,882
Ahmednagar,,,Parner,224,,293,2,820,0,822,3,EKNAL HSELIN INAR,,369,742,1111,3,1114
Ahmednagar,,,Parner,224,,294,2,691,0,693,1,EKNAL HSELIN INAR,,294,689,983,1,984
Ahmednagar,,,Parner,224,,295,7,859,0,866,0,EKNAL HSELIN INAR,,405,742,1147,0,1147
Ahmednagar,,,Parner,224,,296,4,712,0,716,3,EKNAL HSELIN INAR,,325,679,1004,3,1007
Ahmednagar,,,Parner,224,,297,2,678,0,680,3,EKNAL HSELIN INAR,,346,627,973,3,976
Ahmednagar,,,Parner,224,,298,3,415,0,418,2,EKNAL HSELIN INAR,,219,491,710,2,712
Ahmednagar,,,Parner,224,,299,4,822,0,826,5,EKNAL HSELIN INAR,,381,736,1117,5,1122
Ahmednagar,,,Parner,224,,300,13,687,0,700,3,EKNAL HSELIN INAR,,368,606,974,3,977
Ahmednagar,,,Parner,224,,301,1,420,0,421,1,EKNAL HSELIN INAR,,176,544,720,1,721
Ahmednagar,,,Parner,224,,302,3,1064,0,1067,0,EKNAL HSELIN INAR,,333,1030,1363,0,1363
Ahmednagar,,,Parner,224,,303,2,615,0,617,6,EKNAL HSELIN INAR,,271,645,916,6,922
Ahmednagar,,,Parner,224,,304,3,766,0,769,3,EKNAL HSELIN INAR,,486,581,1067,3,1070
Ahmednagar,,,Parner,224,,305,4,681,0,685,3,EKNAL HSELIN INAR,,412,570,982,3,985
Ahmednagar,,,Parner,224,,306,0,547,0,547,0,EKNAL HSELIN INAR,,136,717,853,0,853
Ahmednagar,,,Parner,224,,307,6,909,0,915,3,EKNAL HSELIN INAR,,511,699,1210,3,1213
Ahmednagar,,,Parner,224,,308,7,826,0,833,4,EKNAL HSELIN INAR,,410,717,1127,4,1131
Ahmednagar,,,Parner,224,,309,3,658,0,661,3,EKNAL HSELIN INAR,,264,700,964,3,967
Ahmednagar,,,Parner,224,,310,3,702,0,705,1,EKNAL HSELIN INAR,,315,694,1009,1,1010
Ahmednagar,,,Parner,224,,311,2,768,0,770,1,EKNAL HSELIN INAR,,324,753,1077,1,1078
Ahmednagar,,,Parner,224,,312,0,875,0,875,2,EKNAL HSELIN INAR,,522,665,1187,2,1189
Ahmednagar,,,Parner,224,,313,1,470,0,471,3,EKNAL HSELIN INAR,,146,636,782,3,785
Ahmednagar,,,Parner,224,,314,0,840,0,840,6,EKNAL HSELIN INAR,,359,795,1154,6,1160
Ahmednagar,,,Parner,224,,315,3,745,0,748,1,EKNAL HSELIN INAR,,291,766,1057,1,1058
Ahmednagar,,,Parner,224,,316,1,544,0,545,0,EKNAL HSELIN INAR,,196,663,859,0,859
Ahmednagar,,,Parner,224,,317,3,656,0,659,5,EKNAL HSELIN INAR,,284,686,970,5,975
Ahmednagar,,,Parner,224,,318,13,380,0,393,0,EKNAL HSELIN INAR,,175,510,685,0,685
Ahmednagar,,,Parner,224,,319,5,546,0,551,1,EKNAL HSELIN INAR,,236,624,860,1,861
Ahmednagar,,,Parner,224,,320,2,648,0,650,6,EKNAL HSELIN INAR,,319,647,966,6,972
Ahmednagar,,,Parner,224,,321,0,686,0,686,3,EKNAL HSELIN INAR,,339,668,1007,3,1010
Ahmednagar,,,Parner,224,,322,5,828,0,833,5,EKNAL HSELIN INAR,,506,639,1145,5,1150
Ahmednagar,,,Parner,224,,323,3,727,0,730,3,EKNAL HSELIN INAR,,411,636,1047,3,1050
Ahmednagar,,,Parner,224,,324,4,731,0,735,4,EKNAL HSELIN INAR,,401,650,1051,4,1055
Ahmednagar,,,Parner,224,,325,5,860,0,865,2,EKNAL HSELIN INAR,,419,761,1180,2,1182
Ahmednagar,,,Parner,224,,326,7,645,0,652,5,EKNAL HSELIN INAR,,187,777,964,5,969
Ahmednagar,,,Parner,224,,327,1,657,0,658,1,EKNAL HSELIN INAR,,317,666,983,1,984
Ahmednagar,,,Parner,224,,328,0,671,0,671,6,EKNAL HSELIN INAR,,355,644,999,6,1005
Ahmednagar,,,Parner,224,,329,0,759,0,759,0,EKNAL HSELIN INAR,,451,637,1088,0,1088
Ahmednagar,,,Parner,224,,330,6,1035,0,1041,0,EKNAL HSELIN INAR,,269,1090,1359,0,1359
Ahmednagar,,,Parner,224,,331,1,609,0,610,0,EKNAL HSELIN INAR,,308,631,939,0,939
Ahmednagar,,,Parner,224,,332,0,586,0,586,2,EKNAL HSELIN INAR,,262,656,918,2,920
Ahmednagar,,,Parner,224,,333,5,680,0,685,1,EKNAL HSELIN INAR,,374,634,1008,1,1009
Ahmednagar,,,Parner,224,,334,0,633,0,633,5,EKNAL HSELIN INAR,,362,605,967,5,972
Ahmednagar,,,Parner,224,,335,0,497,0,497,1,EKNAL HSELIN INAR,,297,535,832,1,833
Ahmednagar,,,Parner,224,,336,0,584,0,584,5,EKNAL HSELIN INAR,,329,591,920,5,925
Ahmednagar,,,Parner,224,,337,2,718,0,720,0,EKNAL HSELIN INAR,,489,564,1053,0,1053
Ahmednagar,,,Parner,224,,338,12,702,0,714,0,EKNAL HSELIN INAR,,148,880,1028,0,1028
Ahmednagar,,,Parner,224,,339,2,826,0,828,2,EKNAL HSELIN INAR,,209,954,1163,2,1165
Ahmednagar,,,Parner,224,,340,0,393,0,393,1,EKNAL HSELIN INAR,,146,587,733,1,734
Ahmednagar,,,Parner,224,,341,5,676,0,681,5,EKNAL HSELIN INAR,,198,814,1012,5,1017
Ahmednagar,,,Parner,224,,342,2,282,0,284,0,EKNAL HSELIN INAR,,81,541,622,0,622
Ahmednagar,,,Parner,224,,343,0,757,0,757,0,EKNAL HSELIN INAR,,257,843,1100,0,1100
Ahmednagar,,,Parner,224,,344,0,753,0,753,1,EKNAL HSELIN INAR,,386,711,1097,1,1098
Ahmednagar,,,Parner,224,,345,0,894,0,894,1,EKNAL HSELIN INAR,,387,852,1239,1,1240
Ahmednagar,,,Parner,224,,346,1,855,0,856,5,EKNAL HSELIN INAR,,232,968,1200,5,1205
Ahmednagar,,,Parner,224,,347,3,944,0,947,6,EKNAL HSELIN INAR,,454,834,1288,6,1294
Ahmednagar,,,Parner,224,,348,3,881,0,884,3,EKNAL HSELIN INAR,,433,793,1226,3,1229
Ahmednagar,,,Parner,224,,349,5,810,0,815,0,EKNAL HSELIN INAR,,356,798,1154,0,1154
Ahmednagar,,,Parner,224,,350,36,655,0,691,4,EKNAL HSELIN INAR,,259,710,969,4,973
Ahmednagar,,,Parner,224,,351,6,1099,0,1105,2,EKNAL HSELIN INAR,,557,887,1444,2,1446
Ahmednagar,,,Parner,224,,352,5,640,0,645,3,EKNAL HSELIN INAR,,386,601,987,3,990
Ahmednagar,,,Parner,224,,353,0,866,0,866,4,EKNAL HSELIN INAR,,517,702,1219,4,1223
Ahmednagar,,,Parner,224,,354,0,887,0,887,2,EKNAL HSELIN INAR,,394,847,1241,2,1243
Ahmednagar,,,Parner,224,,355,3,1061,0,1064,2,EKNAL HSELIN INAR,,470,943,1413,2,1415
Ahmednagar,,,Parner,224,,356,2,779,0,781,2,EKNAL HSELIN INAR,,290,843,1133,2,1135
Ahmednagar,,,Parner,224,,357,12,579,0,591,4,EKNAL HSELIN INAR,,247,677,924,4,928
Ahmednagar,,,Parner,224,,358,5,550,0,555,4,EKNAL HSELIN INAR,,238,665,903,4,907
Ahmednagar,,,Parner,224,,359,4,747,0,751,5,EKNAL HSELIN INAR,,351,751,1102,5,1107
Ahmednagar,,,Parner,224,,360,2,640,0,642,4,EKNAL HSELIN INAR,,334,664,998,4,1002
Ahmednagar,,,Parner,224,,361,1,512,0,513,1,EKNAL HSELIN INAR,,294,578,872,1,873
Ahmednagar,,,Parner,224,,362,10,924,0,934,1,EKNAL HSELIN INAR,,505,771,1276,1,1277
Ahmednagar,,,Parner,224,,363,8,479,0,487,1,EKNAL HSELIN INAR,,290,544,834,1,835
Ahmednagar,,,Parner,224,,364,4,654,0,658,1,EKNAL HSELIN INAR,,256,758,1014,1,1015
Ahmednagar,,,Parner,224,,365,4,647,0,651,1,EKNAL HSELIN INAR,,283,725,1008,1,1009
Ahmednagar,,,Parner,224,,366,3,1004,0,1007,4,EKNAL HSELIN INAR,,432,935,1367,4,1371
TOTAL,,,,,,,2464,244957,0,247421,939,,,112775,196879,309654,939,310593
