District Name,District No,Jilha,Constituency Name,Constituency No,Total No. of Electors,Serial Poll,Total No. Valid Votes,No. of Rejected Votes,NOTA,Total,No. of Tendered Votes,Elected Person Name,Party Name of Elected Person,No. of Valid Votes Cast in Favour of Elected Person,Other Candidate Votes,Total EVM Votes,Total Postal ballot votes,Total Votes Polled
Amaravati,,,Dhamangaon Railway,36,,11,0,0,0,0,0,Adsad Pratap Arunbhau,,222222,122320,344542,0,344542
Amaravati,,,Dhamangaon Railway,36,,2,0,0,0,0,0,Adsad Pratap Arunbhau,,183,344,527,0,527
Amaravati,,,Dhamangaon Railway,36,,3,0,0,0,0,0,Adsad Pratap Arunbhau,,228,235,463,0,463
Amaravati,,,Dhamangaon Railway,36,,4,0,0,0,0,1,Adsad Pratap Arunbhau,,229,283,512,1,513
Amaravati,,,Dhamangaon Railway,36,,5,0,0,0,0,0,Adsad Pratap Arunbhau,,145,229,374,0,374
Amaravati,,,Dhamangaon Railway,36,,6,0,0,0,0,0,Adsad Pratap Arunbhau,,71,219,290,0,290
Amaravati,,,Dhamangaon Railway,36,,7,0,0,0,0,2,Adsad Pratap Arunbhau,,323,288,611,2,613
Amaravati,,,Dhamangaon Railway,36,,8,0,0,0,0,2,Adsad Pratap Arunbhau,,222,165,387,2,389
Amaravati,,,Dhamangaon Railway,36,,9,0,0,0,0,0,Adsad Pratap Arunbhau,,198,133,331,0,331
Amaravati,,,Dhamangaon Railway,36,,10,2,1,0,3,4,Adsad Pratap Arunbhau,,361,373,734,4,738
Amaravati,,,Dhamangaon Railway,36,,11,0,1,0,1,1,Adsad Pratap Arunbhau,,276,291,567,1,568
Amaravati,,,Dhamangaon Railway,36,,12,1,1,0,2,6,Adsad Pratap Arunbhau,,244,124,368,6,374
Amaravati,,,Dhamangaon Railway,36,,13,0,0,0,0,1,Adsad Pratap Arunbhau,,365,207,572,1,573
Amaravati,,,Dhamangaon Railway,36,,14,0,1,0,1,1,Adsad Pratap Arunbhau,,304,288,592,1,593
Amaravati,,,Dhamangaon Railway,36,,1155,0,0,0,0,0,Adsad Pratap Arunbhau,,0,0,0,0,0
Amaravati,,,Dhamangaon Railway,36,,16,0,0,0,0,2,Adsad Pratap Arunbhau,,200,294,494,2,496
Amaravati,,,Dhamangaon Railway,36,,17,0,1,0,1,2,Adsad Pratap Arunbhau,,287,189,476,2,478
Amaravati,,,Dhamangaon Railway,36,,18,1,0,0,1,0,Adsad Pratap Arunbhau,,401,367,768,0,768
Amaravati,,,Dhamangaon Railway,36,,19,1,0,0,1,3,Adsad Pratap Arunbhau,,308,261,569,3,572
Amaravati,,,Dhamangaon Railway,36,,20,0,1,0,1,5,Adsad Pratap Arunbhau,,361,240,601,5,606
Amaravati,,,Dhamangaon Railway,36,,21,0,2,0,2,1,Adsad Pratap Arunbhau,,325,288,613,1,614
Amaravati,,,Dhamangaon Railway,36,,22,0,1,0,1,1,Adsad Pratap Arunbhau,,333,306,639,1,640
Amaravati,,,Dhamangaon Railway,36,,23,1,2,0,3,7,Adsad Pratap Arunbhau,,328,331,659,7,666
Amaravati,,,Dhamangaon Railway,36,,24,0,2,0,2,3,Adsad Pratap Arunbhau,,312,330,642,3,645
Amaravati,,,Dhamangaon Railway,36,,25,0,0,0,0,0,Adsad Pratap Arunbhau,,344,303,647,0,647
Amaravati,,,Dhamangaon Railway,36,,26,0,0,0,0,0,Adsad Pratap Arunbhau,,191,240,431,0,431
Amaravati,,,Dhamangaon Railway,36,,27,1,0,0,1,3,Adsad Pratap Arunbhau,,196,271,467,3,470
Amaravati,,,Dhamangaon Railway,36,,28,1,0,0,1,4,Adsad Pratap Arunbhau,,460,380,840,4,844
Amaravati,,,Dhamangaon Railway,36,,2299,0,11,0,11,33,Adsad Pratap Arunbhau,,446688,331254,777942,33,777975
Amaravati,,,Dhamangaon Railway,36,,30,0,2,0,2,6,Adsad Pratap Arunbhau,,394,329,723,6,729
Amaravati,,,Dhamangaon Railway,36,,31,2,0,0,2,5,Adsad Pratap Arunbhau,,415,310,725,5,730
Amaravati,,,Dhamangaon Railway,36,,32,0,0,0,0,3,Adsad Pratap Arunbhau,,445,254,699,3,702
Amaravati,,,Dhamangaon Railway,36,,33,1,0,0,1,4,Adsad Pratap Arunbhau,,442,272,714,4,718
Amaravati,,,Dhamangaon Railway,36,,34,0,0,0,0,3,Adsad Pratap Arunbhau,,337,267,604,3,607
Amaravati,,,Dhamangaon Railway,36,,35,1,0,0,1,0,Adsad Pratap Arunbhau,,88,142,230,0,230
Amaravati,,,Dhamangaon Railway,36,,36,0,0,0,0,3,Adsad Pratap Arunbhau,,130,391,521,3,524
Amaravati,,,Dhamangaon Railway,36,,37,0,0,0,0,1,Adsad Pratap Arunbhau,,138,333,471,1,472
Amaravati,,,Dhamangaon Railway,36,,38,1,0,0,1,0,Adsad Pratap Arunbhau,,408,375,783,0,783
Amaravati,,,Dhamangaon Railway,36,,39,0,1,0,1,1,Adsad Pratap Arunbhau,,117,167,284,1,285
Amaravati,,,Dhamangaon Railway,36,,40,0,0,0,0,0,Adsad Pratap Arunbhau,,79,295,374,0,374
Amaravati,,,Dhamangaon Railway,36,,41,0,0,0,0,0,Adsad Pratap Arunbhau,,169,573,742,0,742
Amaravati,,,Dhamangaon Railway,36,,42,1,0,0,1,1,Adsad Pratap Arunbhau,,96,288,384,1,385
Amaravati,,,Dhamangaon Railway,36,,43,0,0,0,0,2,Adsad Pratap Arunbhau,,169,200,369,2,371
Amaravati,,,Dhamangaon Railway,36,,44,0,1,0,1,1,Adsad Pratap Arunbhau,,167,255,422,1,423
Amaravati,,,Dhamangaon Railway,36,,45,0,0,0,0,0,Adsad Pratap Arunbhau,,158,316,474,0,474
Amaravati,,,Dhamangaon Railway,36,,46,0,0,0,0,0,Adsad Pratap Arunbhau,,252,207,459,0,459
Amaravati,,,Dhamangaon Railway,36,,47,0,0,0,0,1,Adsad Pratap Arunbhau,,453,250,703,1,704
Amaravati,,,Dhamangaon Railway,36,,48,0,0,0,0,0,Adsad Pratap Arunbhau,,607,304,911,0,911
Amaravati,,,Dhamangaon Railway,36,,49,0,1,0,1,0,Adsad Pratap Arunbhau,,500,308,808,0,808
Amaravati,,,Dhamangaon Railway,36,,50,0,1,0,1,2,Adsad Pratap Arunbhau,,246,170,416,2,418
Amaravati,,,Dhamangaon Railway,36,,51,0,0,0,0,0,Adsad Pratap Arunbhau,,398,279,677,0,677
Amaravati,,,Dhamangaon Railway,36,,52,0,0,0,0,2,Adsad Pratap Arunbhau,,360,243,603,2,605
Amaravati,,,Dhamangaon Railway,36,,53,0,0,0,0,3,Adsad Pratap Arunbhau,,337,258,595,3,598
Amaravati,,,Dhamangaon Railway,36,,54,0,0,0,0,0,Adsad Pratap Arunbhau,,552,316,868,0,868
Amaravati,,,Dhamangaon Railway,36,,55,2,0,0,2,7,Adsad Pratap Arunbhau,,416,358,774,7,781
Amaravati,,,Dhamangaon Railway,36,,56,0,0,0,0,5,Adsad Pratap Arunbhau,,415,408,823,5,828
Amaravati,,,Dhamangaon Railway,36,,5577,0,0,0,0,0,Adsad Pratap Arunbhau,,0,0,0,0,0
Amaravati,,,Dhamangaon Railway,36,,58,0,0,0,0,3,Adsad Pratap Arunbhau,,220,237,457,3,460
Amaravati,,,Dhamangaon Railway,36,,59,0,0,0,0,1,Adsad Pratap Arunbhau,,240,243,483,1,484
Amaravati,,,Dhamangaon Railway,36,,60,0,2,0,2,1,Adsad Pratap Arunbhau,,260,303,563,1,564
Amaravati,,,Dhamangaon Railway,36,,61,0,0,0,0,2,Adsad Pratap Arunbhau,,259,302,561,2,563
Amaravati,,,Dhamangaon Railway,36,,62,0,0,0,0,4,Adsad Pratap Arunbhau,,316,215,531,4,535
Amaravati,,,Dhamangaon Railway,36,,63,1,0,0,1,4,Adsad Pratap Arunbhau,,195,250,445,4,449
Amaravati,,,Dhamangaon Railway,36,,64,0,1,0,1,1,Adsad Pratap Arunbhau,,352,351,703,1,704
Amaravati,,,Dhamangaon Railway,36,,65,0,0,0,0,4,Adsad Pratap Arunbhau,,196,211,407,4,411
Amaravati,,,Dhamangaon Railway,36,,66,0,0,0,0,0,Adsad Pratap Arunbhau,,246,247,493,0,493
Amaravati,,,Dhamangaon Railway,36,,67,0,2,0,2,2,Adsad Pratap Arunbhau,,296,185,481,2,483
Amaravati,,,Dhamangaon Railway,36,,68,0,0,0,0,0,Adsad Pratap Arunbhau,,294,303,597,0,597
Amaravati,,,Dhamangaon Railway,36,,69,0,0,0,0,0,Adsad Pratap Arunbhau,,436,404,840,0,840
Amaravati,,,Dhamangaon Railway,36,,70,0,1,0,1,1,Adsad Pratap Arunbhau,,424,240,664,1,665
Amaravati,,,Dhamangaon Railway,36,,7711,11,0,0,11,0,Adsad Pratap Arunbhau,,223377,226776,450153,0,450153
Amaravati,,,Dhamangaon Railway,36,,72,0,0,0,0,3,Adsad Pratap Arunbhau,,286,299,585,3,588
Amaravati,,,Dhamangaon Railway,36,,73,0,0,0,0,0,Adsad Pratap Arunbhau,,217,218,435,0,435
Amaravati,,,Dhamangaon Railway,36,,74,0,1,0,1,1,Adsad Pratap Arunbhau,,456,372,828,1,829
Amaravati,,,Dhamangaon Railway,36,,75,0,0,0,0,2,Adsad Pratap Arunbhau,,445,413,858,2,860
Amaravati,,,Dhamangaon Railway,36,,76,0,0,0,0,3,Adsad Pratap Arunbhau,,268,378,646,3,649
Amaravati,,,Dhamangaon Railway,36,,77,0,0,0,0,2,Adsad Pratap Arunbhau,,323,298,621,2,623
Amaravati,,,Dhamangaon Railway,36,,78,1,0,0,1,3,Adsad Pratap Arunbhau,,118,309,427,3,430
Amaravati,,,Dhamangaon Railway,36,,79,0,0,0,0,2,Adsad Pratap Arunbhau,,386,667,1053,2,1055
Amaravati,,,Dhamangaon Railway,36,,80,1,1,0,2,9,Adsad Pratap Arunbhau,,447,408,855,9,864
Amaravati,,,Dhamangaon Railway,36,,81,0,1,0,1,3,Adsad Pratap Arunbhau,,456,255,711,3,714
Amaravati,,,Dhamangaon Railway,36,,82,2,0,0,2,0,Adsad Pratap Arunbhau,,264,228,492,0,492
Amaravati,,,Dhamangaon Railway,36,,83,0,0,0,0,0,Adsad Pratap Arunbhau,,310,307,617,0,617
Amaravati,,,Dhamangaon Railway,36,,84,0,1,0,1,0,Adsad Pratap Arunbhau,,296,220,516,0,516
Amaravati,,,Dhamangaon Railway,36,,8855,0,0,0,0,11,Adsad Pratap Arunbhau,,224477,222244,446721,11,446732
Amaravati,,,Dhamangaon Railway,36,,86,0,0,0,0,1,Adsad Pratap Arunbhau,,460,332,792,1,793
Amaravati,,,Dhamangaon Railway,36,,87,0,1,0,1,1,Adsad Pratap Arunbhau,,668,230,898,1,899
Amaravati,,,Dhamangaon Railway,36,,88,0,0,0,0,0,Adsad Pratap Arunbhau,,440,190,630,0,630
Amaravati,,,Dhamangaon Railway,36,,89,0,0,0,0,2,Adsad Pratap Arunbhau,,429,161,590,2,592
Amaravati,,,Dhamangaon Railway,36,,90,0,0,0,0,0,Adsad Pratap Arunbhau,,498,336,834,0,834
Amaravati,,,Dhamangaon Railway,36,,91,0,0,0,0,0,Adsad Pratap Arunbhau,,154,272,426,0,426
Amaravati,,,Dhamangaon Railway,36,,92,0,0,0,0,0,Adsad Pratap Arunbhau,,218,196,414,0,414
Amaravati,,,Dhamangaon Railway,36,,93,0,1,0,1,3,Adsad Pratap Arunbhau,,389,375,764,3,767
Amaravati,,,Dhamangaon Railway,36,,94,0,1,0,1,2,Adsad Pratap Arunbhau,,252,298,550,2,552
Amaravati,,,Dhamangaon Railway,36,,95,0,0,0,0,1,Adsad Pratap Arunbhau,,431,286,717,1,718
Amaravati,,,Dhamangaon Railway,36,,96,0,0,0,0,7,Adsad Pratap Arunbhau,,374,168,542,7,549
Amaravati,,,Dhamangaon Railway,36,,97,0,0,0,0,5,Adsad Pratap Arunbhau,,225,335,560,5,565
Amaravati,,,Dhamangaon Railway,36,,98,0,0,0,0,4,Adsad Pratap Arunbhau,,353,138,491,4,495
Amaravati,,,Dhamangaon Railway,36,,9999,0,0,0,0,0,Adsad Pratap Arunbhau,,0,0,0,0,0
Amaravati,,,Dhamangaon Railway,36,,100,0,0,0,0,3,Adsad Pratap Arunbhau,,247,318,565,3,568
Amaravati,,,Dhamangaon Railway,36,,101,0,0,0,0,0,Adsad Pratap Arunbhau,,125,174,299,0,299
Amaravati,,,Dhamangaon Railway,36,,102,0,1,0,1,1,Adsad Pratap Arunbhau,,146,338,484,1,485
Amaravati,,,Dhamangaon Railway,36,,103,0,0,0,0,0,Adsad Pratap Arunbhau,,528,245,773,0,773
Amaravati,,,Dhamangaon Railway,36,,104,0,0,0,0,0,Adsad Pratap Arunbhau,,59,201,260,0,260
Amaravati,,,Dhamangaon Railway,36,,105,0,2,0,2,0,Adsad Pratap Arunbhau,,295,271,566,0,566
Amaravati,,,Dhamangaon Railway,36,,106,0,3,0,3,2,Adsad Pratap Arunbhau,,253,620,873,2,875
Amaravati,,,Dhamangaon Railway,36,,107,0,0,0,0,1,Adsad Pratap Arunbhau,,177,316,493,1,494
Amaravati,,,Dhamangaon Railway,36,,108,0,0,0,0,2,Adsad Pratap Arunbhau,,139,248,387,2,389
Amaravati,,,Dhamangaon Railway,36,,109,0,0,0,0,2,Adsad Pratap Arunbhau,,357,254,611,2,613
Amaravati,,,Dhamangaon Railway,36,,110,0,0,0,0,3,Adsad Pratap Arunbhau,,143,271,414,3,417
Amaravati,,,Dhamangaon Railway,36,,111,0,0,0,0,0,Adsad Pratap Arunbhau,,242,190,432,0,432
Amaravati,,,Dhamangaon Railway,36,,112,0,0,0,0,3,Adsad Pratap Arunbhau,,202,179,381,3,384
Amaravati,,,Dhamangaon Railway,36,,111133,0,0,0,0,22,Adsad Pratap Arunbhau,,331133,227843,558976,22,558998
Amaravati,,,Dhamangaon Railway,36,,114,0,0,0,0,2,Adsad Pratap Arunbhau,,282,230,512,2,514
Amaravati,,,Dhamangaon Railway,36,,115,0,0,0,0,2,Adsad Pratap Arunbhau,,282,182,464,2,466
Amaravati,,,Dhamangaon Railway,36,,116,0,0,0,0,2,Adsad Pratap Arunbhau,,222,347,569,2,571
Amaravati,,,Dhamangaon Railway,36,,117,0,0,0,0,2,Adsad Pratap Arunbhau,,291,449,740,2,742
Amaravati,,,Dhamangaon Railway,36,,118,0,2,0,2,0,Adsad Pratap Arunbhau,,372,191,563,0,563
Amaravati,,,Dhamangaon Railway,36,,119,1,0,0,1,2,Adsad Pratap Arunbhau,,383,380,763,2,765
Amaravati,,,Dhamangaon Railway,36,,120,0,0,0,0,1,Adsad Pratap Arunbhau,,198,261,459,1,460
Amaravati,,,Dhamangaon Railway,36,,121,0,1,0,1,9,Adsad Pratap Arunbhau,,186,165,351,9,360
Amaravati,,,Dhamangaon Railway,36,,122,0,0,0,0,2,Adsad Pratap Arunbhau,,147,158,305,2,307
Amaravati,,,Dhamangaon Railway,36,,123,0,0,0,0,2,Adsad Pratap Arunbhau,,140,134,274,2,276
Amaravati,,,Dhamangaon Railway,36,,124,0,0,0,0,1,Adsad Pratap Arunbhau,,481,259,740,1,741
Amaravati,,,Dhamangaon Railway,36,,125,1,0,0,1,1,Adsad Pratap Arunbhau,,497,320,817,1,818
Amaravati,,,Dhamangaon Railway,36,,126,0,1,0,1,3,Adsad Pratap Arunbhau,,384,370,754,3,757
Amaravati,,,Dhamangaon Railway,36,,112277,0,0,0,0,11,Adsad Pratap Arunbhau,,333311,220165,553476,11,553487
Amaravati,,,Dhamangaon Railway,36,,128,0,1,0,1,0,Adsad Pratap Arunbhau,,380,304,684,0,684
Amaravati,,,Dhamangaon Railway,36,,129,0,1,0,1,3,Adsad Pratap Arunbhau,,382,138,520,3,523
Amaravati,,,Dhamangaon Railway,36,,130,0,0,0,0,0,Adsad Pratap Arunbhau,,231,190,421,0,421
Amaravati,,,Dhamangaon Railway,36,,131,0,0,0,0,2,Adsad Pratap Arunbhau,,261,277,538,2,540
Amaravati,,,Dhamangaon Railway,36,,132,0,0,0,0,0,Adsad Pratap Arunbhau,,195,189,384,0,384
Amaravati,,,Dhamangaon Railway,36,,133,0,0,0,0,1,Adsad Pratap Arunbhau,,209,251,460,1,461
Amaravati,,,Dhamangaon Railway,36,,134,1,0,0,1,0,Adsad Pratap Arunbhau,,121,261,382,0,382
Amaravati,,,Dhamangaon Railway,36,,135,0,0,0,0,4,Adsad Pratap Arunbhau,,330,230,560,4,564
Amaravati,,,Dhamangaon Railway,36,,136,0,0,0,0,1,Adsad Pratap Arunbhau,,159,211,370,1,371
Amaravati,,,Dhamangaon Railway,36,,137,1,1,0,2,4,Adsad Pratap Arunbhau,,327,240,567,4,571
Amaravati,,,Dhamangaon Railway,36,,138,0,0,0,0,2,Adsad Pratap Arunbhau,,373,429,802,2,804
Amaravati,,,Dhamangaon Railway,36,,139,0,0,0,0,1,Adsad Pratap Arunbhau,,257,159,416,1,417
Amaravati,,,Dhamangaon Railway,36,,140,0,0,0,0,4,Adsad Pratap Arunbhau,,364,265,629,4,633
Amaravati,,,Dhamangaon Railway,36,,141,0,1,0,1,3,Adsad Pratap Arunbhau,,412,265,677,3,680
Amaravati,,,Dhamangaon Railway,36,,142,0,0,0,0,0,Adsad Pratap Arunbhau,,222,271,493,0,493
Amaravati,,,Dhamangaon Railway,36,,143,0,0,0,0,1,Adsad Pratap Arunbhau,,205,248,453,1,454
Amaravati,,,Dhamangaon Railway,36,,144,0,1,0,1,7,Adsad Pratap Arunbhau,,465,402,867,7,874
Amaravati,,,Dhamangaon Railway,36,,145,1,0,0,1,1,Adsad Pratap Arunbhau,,250,486,736,1,737
Amaravati,,,Dhamangaon Railway,36,,146,1,1,0,2,2,Adsad Pratap Arunbhau,,430,410,840,2,842
Amaravati,,,Dhamangaon Railway,36,,147,0,0,0,0,0,Adsad Pratap Arunbhau,,410,281,691,0,691
Amaravati,,,Dhamangaon Railway,36,,148,1,0,0,1,1,Adsad Pratap Arunbhau,,349,161,510,1,511
Amaravati,,,Dhamangaon Railway,36,,149,0,0,0,0,1,Adsad Pratap Arunbhau,,202,305,507,1,508
Amaravati,,,Dhamangaon Railway,36,,150,1,1,0,2,3,Adsad Pratap Arunbhau,,364,369,733,3,736
Amaravati,,,Dhamangaon Railway,36,,151,0,1,0,1,3,Adsad Pratap Arunbhau,,373,415,788,3,791
Amaravati,,,Dhamangaon Railway,36,,152,0,0,0,0,0,Adsad Pratap Arunbhau,,356,194,550,0,550
Amaravati,,,Dhamangaon Railway,36,,153,0,0,0,0,0,Adsad Pratap Arunbhau,,477,282,759,0,759
Amaravati,,,Dhamangaon Railway,36,,154,0,1,0,1,3,Adsad Pratap Arunbhau,,490,418,908,3,911
Amaravati,,,Dhamangaon Railway,36,,115555,0,0,0,0,3,Adsad Pratap Arunbhau,,303,276,579,3,582
Amaravati,,,Dhamangaon Railway,36,,156,0,0,0,0,1,Adsad Pratap Arunbhau,,334,421,755,1,756
Amaravati,,,Dhamangaon Railway,36,,157,0,0,0,0,1,Adsad Pratap Arunbhau,,135,216,351,1,352
Amaravati,,,Dhamangaon Railway,36,,158,0,0,0,0,2,Adsad Pratap Arunbhau,,270,295,565,2,567
Amaravati,,,Dhamangaon Railway,36,,159,0,0,0,0,2,Adsad Pratap Arunbhau,,158,187,345,2,347
Amaravati,,,Dhamangaon Railway,36,,160,1,1,0,2,5,Adsad Pratap Arunbhau,,252,639,891,5,896
Amaravati,,,Dhamangaon Railway,36,,161,0,0,0,0,0,Adsad Pratap Arunbhau,,207,281,488,0,488
Amaravati,,,Dhamangaon Railway,36,,162,0,0,0,0,2,Adsad Pratap Arunbhau,,257,258,515,2,517
Amaravati,,,Dhamangaon Railway,36,,163,0,0,0,0,2,Adsad Pratap Arunbhau,,182,295,477,2,479
Amaravati,,,Dhamangaon Railway,36,,164,0,0,0,0,1,Adsad Pratap Arunbhau,,339,447,786,1,787
Amaravati,,,Dhamangaon Railway,36,,165,0,1,0,1,1,Adsad Pratap Arunbhau,,329,431,760,1,761
Amaravati,,,Dhamangaon Railway,36,,166,0,0,0,0,2,Adsad Pratap Arunbhau,,195,318,513,2,515
Amaravati,,,Dhamangaon Railway,36,,167,0,0,0,0,2,Adsad Pratap Arunbhau,,385,212,597,2,599
Amaravati,,,Dhamangaon Railway,36,,168,0,1,0,1,2,Adsad Pratap Arunbhau,,193,367,560,2,562
Amaravati,,,Dhamangaon Railway,36,,116699,0,0,0,0,11,Adsad Pratap Arunbhau,,333355,345565,678920,11,678931
Amaravati,,,Dhamangaon Railway,36,,170,0,2,0,2,3,Adsad Pratap Arunbhau,,331,408,739,3,742
Amaravati,,,Dhamangaon Railway,36,,171,1,0,0,1,0,Adsad Pratap Arunbhau,,311,386,697,0,697
Amaravati,,,Dhamangaon Railway,36,,172,1,0,0,1,1,Adsad Pratap Arunbhau,,368,172,540,1,541
Amaravati,,,Dhamangaon Railway,36,,173,0,1,0,1,2,Adsad Pratap Arunbhau,,261,201,462,2,464
Amaravati,,,Dhamangaon Railway,36,,174,1,2,0,3,5,Adsad Pratap Arunbhau,,385,258,643,5,648
Amaravati,,,Dhamangaon Railway,36,,175,0,0,0,0,1,Adsad Pratap Arunbhau,,225,386,611,1,612
Amaravati,,,Dhamangaon Railway,36,,176,0,0,0,0,0,Adsad Pratap Arunbhau,,304,409,713,0,713
Amaravati,,,Dhamangaon Railway,36,,177,0,0,0,0,1,Adsad Pratap Arunbhau,,287,238,525,1,526
Amaravati,,,Dhamangaon Railway,36,,178,0,1,0,1,0,Adsad Pratap Arunbhau,,231,252,483,0,483
Amaravati,,,Dhamangaon Railway,36,,179,0,0,0,0,4,Adsad Pratap Arunbhau,,436,243,679,4,683
Amaravati,,,Dhamangaon Railway,36,,180,0,0,0,0,1,Adsad Pratap Arunbhau,,251,401,652,1,653
Amaravati,,,Dhamangaon Railway,36,,181,0,1,0,1,3,Adsad Pratap Arunbhau,,466,300,766,3,769
Amaravati,,,Dhamangaon Railway,36,,182,0,0,0,0,1,Adsad Pratap Arunbhau,,191,154,345,1,346
Amaravati,,,Dhamangaon Railway,36,,118833,0,0,0,0,66,Adsad Pratap Arunbhau,,335500,120197,455697,66,455763
Amaravati,,,Dhamangaon Railway,36,,184,0,2,0,2,1,Adsad Pratap Arunbhau,,375,292,667,1,668
Amaravati,,,Dhamangaon Railway,36,,185,0,0,0,0,0,Adsad Pratap Arunbhau,,193,117,310,0,310
Amaravati,,,Dhamangaon Railway,36,,186,0,0,0,0,2,Adsad Pratap Arunbhau,,330,259,589,2,591
Amaravati,,,Dhamangaon Railway,36,,187,1,1,0,2,0,Adsad Pratap Arunbhau,,112,127,239,0,239
Amaravati,,,Dhamangaon Railway,36,,188,0,0,0,0,2,Adsad Pratap Arunbhau,,266,157,423,2,425
Amaravati,,,Dhamangaon Railway,36,,189,0,0,0,0,1,Adsad Pratap Arunbhau,,293,164,457,1,458
Amaravati,,,Dhamangaon Railway,36,,190,0,0,0,0,0,Adsad Pratap Arunbhau,,120,153,273,0,273
Amaravati,,,Dhamangaon Railway,36,,191,0,0,0,0,1,Adsad Pratap Arunbhau,,196,305,501,1,502
Amaravati,,,Dhamangaon Railway,36,,192,0,0,0,0,1,Adsad Pratap Arunbhau,,213,286,499,1,500
Amaravati,,,Dhamangaon Railway,36,,193,3,0,0,3,0,Adsad Pratap Arunbhau,,254,190,444,0,444
Amaravati,,,Dhamangaon Railway,36,,194,5,0,0,5,0,Adsad Pratap Arunbhau,,74,274,348,0,348
Amaravati,,,Dhamangaon Railway,36,,195,0,1,0,1,3,Adsad Pratap Arunbhau,,261,404,665,3,668
Amaravati,,,Dhamangaon Railway,36,,196,0,0,0,0,2,Adsad Pratap Arunbhau,,210,218,428,2,430
Amaravati,,,Dhamangaon Railway,36,,119977,0,0,0,0,0,Adsad Pratap Arunbhau,,0,0,0,0,0
Amaravati,,,Dhamangaon Railway,36,,198,0,0,0,0,0,Adsad Pratap Arunbhau,,246,497,743,0,743
Amaravati,,,Dhamangaon Railway,36,,199,1,0,0,1,1,Adsad Pratap Arunbhau,,151,313,464,1,465
Amaravati,,,Dhamangaon Railway,36,,200,0,0,0,0,0,Adsad Pratap Arunbhau,,41,374,415,0,415
Amaravati,,,Dhamangaon Railway,36,,201,0,1,0,1,0,Adsad Pratap Arunbhau,,259,199,458,0,458
Amaravati,,,Dhamangaon Railway,36,,202,1,1,0,2,2,Adsad Pratap Arunbhau,,235,149,384,2,386
Amaravati,,,Dhamangaon Railway,36,,203,0,2,0,2,2,Adsad Pratap Arunbhau,,229,369,598,2,600
Amaravati,,,Dhamangaon Railway,36,,204,0,0,0,0,2,Adsad Pratap Arunbhau,,281,195,476,2,478
Amaravati,,,Dhamangaon Railway,36,,205,0,2,0,2,1,Adsad Pratap Arunbhau,,208,312,520,1,521
Amaravati,,,Dhamangaon Railway,36,,206,1,0,0,1,0,Adsad Pratap Arunbhau,,458,247,705,0,705
Amaravati,,,Dhamangaon Railway,36,,207,0,0,0,0,2,Adsad Pratap Arunbhau,,286,464,750,2,752
Amaravati,,,Dhamangaon Railway,36,,208,0,0,0,0,1,Adsad Pratap Arunbhau,,361,527,888,1,889
Amaravati,,,Dhamangaon Railway,36,,209,0,0,0,0,3,Adsad Pratap Arunbhau,,658,238,896,3,899
Amaravati,,,Dhamangaon Railway,36,,210,0,0,0,0,2,Adsad Pratap Arunbhau,,636,180,816,2,818
Amaravati,,,Dhamangaon Railway,36,,221111,0,0,0,0,11,Adsad Pratap Arunbhau,,554433,224543,778976,11,778987
Amaravati,,,Dhamangaon Railway,36,,212,1,0,0,1,1,Adsad Pratap Arunbhau,,484,200,684,1,685
Amaravati,,,Dhamangaon Railway,36,,213,0,0,0,0,0,Adsad Pratap Arunbhau,,427,303,730,0,730
Amaravati,,,Dhamangaon Railway,36,,214,0,0,0,0,0,Adsad Pratap Arunbhau,,334,88,422,0,422
Amaravati,,,Dhamangaon Railway,36,,215,0,0,0,0,1,Adsad Pratap Arunbhau,,438,107,545,1,546
Amaravati,,,Dhamangaon Railway,36,,216,0,0,0,0,3,Adsad Pratap Arunbhau,,334,161,495,3,498
Amaravati,,,Dhamangaon Railway,36,,217,0,0,0,0,3,Adsad Pratap Arunbhau,,417,271,688,3,691
Amaravati,,,Dhamangaon Railway,36,,218,1,0,0,1,1,Adsad Pratap Arunbhau,,287,627,914,1,915
Amaravati,,,Dhamangaon Railway,36,,219,0,0,0,0,1,Adsad Pratap Arunbhau,,342,193,535,1,536
Amaravati,,,Dhamangaon Railway,36,,220,0,1,0,1,3,Adsad Pratap Arunbhau,,228,378,606,3,609
Amaravati,,,Dhamangaon Railway,36,,221,1,0,0,1,3,Adsad Pratap Arunbhau,,300,258,558,3,561
Amaravati,,,Dhamangaon Railway,36,,222,0,0,0,0,3,Adsad Pratap Arunbhau,,298,355,653,3,656
Amaravati,,,Dhamangaon Railway,36,,223,1,0,0,1,2,Adsad Pratap Arunbhau,,376,334,710,2,712
Amaravati,,,Dhamangaon Railway,36,,224,0,0,0,0,3,Adsad Pratap Arunbhau,,355,257,612,3,615
Amaravati,,,Dhamangaon Railway,36,,222255,0,0,0,0,33,Adsad Pratap Arunbhau,,335588,336754,672342,33,672375
Amaravati,,,Dhamangaon Railway,36,,226,0,1,0,1,0,Adsad Pratap Arunbhau,,222,213,435,0,435
Amaravati,,,Dhamangaon Railway,36,,227,0,0,0,0,0,Adsad Pratap Arunbhau,,472,235,707,0,707
Amaravati,,,Dhamangaon Railway,36,,228,2,0,0,2,5,Adsad Pratap Arunbhau,,412,313,725,5,730
Amaravati,,,Dhamangaon Railway,36,,229,0,1,0,1,5,Adsad Pratap Arunbhau,,413,398,811,5,816
Amaravati,,,Dhamangaon Railway,36,,230,0,0,0,0,3,Adsad Pratap Arunbhau,,296,273,569,3,572
Amaravati,,,Dhamangaon Railway,36,,231,0,0,0,0,3,Adsad Pratap Arunbhau,,327,368,695,3,698
Amaravati,,,Dhamangaon Railway,36,,232,4,0,0,4,0,Adsad Pratap Arunbhau,,121,188,309,0,309
Amaravati,,,Dhamangaon Railway,36,,233,0,0,0,0,1,Adsad Pratap Arunbhau,,280,252,532,1,533
Amaravati,,,Dhamangaon Railway,36,,234,0,0,0,0,1,Adsad Pratap Arunbhau,,157,335,492,1,493
Amaravati,,,Dhamangaon Railway,36,,235,0,0,0,0,2,Adsad Pratap Arunbhau,,351,315,666,2,668
Amaravati,,,Dhamangaon Railway,36,,236,1,0,0,1,2,Adsad Pratap Arunbhau,,262,430,692,2,694
Amaravati,,,Dhamangaon Railway,36,,237,0,1,0,1,0,Adsad Pratap Arunbhau,,286,399,685,0,685
Amaravati,,,Dhamangaon Railway,36,,238,0,0,0,0,1,Adsad Pratap Arunbhau,,481,343,824,1,825
Amaravati,,,Dhamangaon Railway,36,,223399,0,0,0,0,11,Adsad Pratap Arunbhau,,220044,118921,338965,11,338976
Amaravati,,,Dhamangaon Railway,36,,240,1,0,0,1,3,Adsad Pratap Arunbhau,,565,413,978,3,981
Amaravati,,,Dhamangaon Railway,36,,241,1,0,0,1,0,Adsad Pratap Arunbhau,,97,117,214,0,214
Amaravati,,,Dhamangaon Railway,36,,242,0,0,0,0,2,Adsad Pratap Arunbhau,,407,314,721,2,723
Amaravati,,,Dhamangaon Railway,36,,243,0,1,0,1,0,Adsad Pratap Arunbhau,,133,262,395,0,395
Amaravati,,,Dhamangaon Railway,36,,244,0,0,0,0,0,Adsad Pratap Arunbhau,,13,262,275,0,275
Amaravati,,,Dhamangaon Railway,36,,245,0,0,0,0,2,Adsad Pratap Arunbhau,,288,217,505,2,507
Amaravati,,,Dhamangaon Railway,36,,246,0,2,0,2,5,Adsad Pratap Arunbhau,,278,227,505,5,510
Amaravati,,,Dhamangaon Railway,36,,247,0,0,0,0,1,Adsad Pratap Arunbhau,,187,212,399,1,400
Amaravati,,,Dhamangaon Railway,36,,248,0,0,0,0,1,Adsad Pratap Arunbhau,,336,184,520,1,521
Amaravati,,,Dhamangaon Railway,36,,249,1,0,0,1,2,Adsad Pratap Arunbhau,,565,251,816,2,818
Amaravati,,,Dhamangaon Railway,36,,250,0,0,0,0,2,Adsad Pratap Arunbhau,,576,244,820,2,822
Amaravati,,,Dhamangaon Railway,36,,251,1,2,0,3,1,Adsad Pratap Arunbhau,,296,533,829,1,830
Amaravati,,,Dhamangaon Railway,36,,252,1,0,0,1,5,Adsad Pratap Arunbhau,,349,528,877,5,882
Amaravati,,,Dhamangaon Railway,36,,225533,0,0,0,0,55,Adsad Pratap Arunbhau,,447755,222387,670142,55,670197
Amaravati,,,Dhamangaon Railway,36,,254,0,1,0,1,3,Adsad Pratap Arunbhau,,335,484,819,3,822
Amaravati,,,Dhamangaon Railway,36,,255,0,0,0,0,1,Adsad Pratap Arunbhau,,416,460,876,1,877
Amaravati,,,Dhamangaon Railway,36,,256,0,0,0,0,5,Adsad Pratap Arunbhau,,378,297,675,5,680
Amaravati,,,Dhamangaon Railway,36,,257,0,0,0,0,3,Adsad Pratap Arunbhau,,289,409,698,3,701
Amaravati,,,Dhamangaon Railway,36,,258,0,0,0,0,1,Adsad Pratap Arunbhau,,150,269,419,1,420
Amaravati,,,Dhamangaon Railway,36,,259,0,0,0,0,3,Adsad Pratap Arunbhau,,215,207,422,3,425
Amaravati,,,Dhamangaon Railway,36,,260,0,0,0,0,2,Adsad Pratap Arunbhau,,180,222,402,2,404
Amaravati,,,Dhamangaon Railway,36,,261,0,0,0,0,1,Adsad Pratap Arunbhau,,221,254,475,1,476
Amaravati,,,Dhamangaon Railway,36,,262,0,0,0,0,1,Adsad Pratap Arunbhau,,140,198,338,1,339
Amaravati,,,Dhamangaon Railway,36,,263,1,1,0,2,1,Adsad Pratap Arunbhau,,236,422,658,1,659
Amaravati,,,Dhamangaon Railway,36,,264,1,0,0,1,1,Adsad Pratap Arunbhau,,214,121,335,1,336
Amaravati,,,Dhamangaon Railway,36,,265,0,0,0,0,2,Adsad Pratap Arunbhau,,162,239,401,2,403
Amaravati,,,Dhamangaon Railway,36,,266,0,0,0,0,5,Adsad Pratap Arunbhau,,436,367,803,5,808
Amaravati,,,Dhamangaon Railway,36,,226677,0,0,0,0,33,Adsad Pratap Arunbhau,,330055,226831,556886,33,556919
Amaravati,,,Dhamangaon Railway,36,,268,0,0,0,0,2,Adsad Pratap Arunbhau,,350,293,643,2,645
Amaravati,,,Dhamangaon Railway,36,,269,0,0,0,0,3,Adsad Pratap Arunbhau,,302,338,640,3,643
Amaravati,,,Dhamangaon Railway,36,,270,0,1,0,1,1,Adsad Pratap Arunbhau,,275,285,560,1,561
Amaravati,,,Dhamangaon Railway,36,,271,0,0,0,0,1,Adsad Pratap Arunbhau,,73,292,365,1,366
Amaravati,,,Dhamangaon Railway,36,,272,0,1,0,1,2,Adsad Pratap Arunbhau,,190,150,340,2,342
Amaravati,,,Dhamangaon Railway,36,,273,0,0,0,0,1,Adsad Pratap Arunbhau,,140,91,231,1,232
Amaravati,,,Dhamangaon Railway,36,,274,0,0,0,0,1,Adsad Pratap Arunbhau,,99,91,190,1,191
Amaravati,,,Dhamangaon Railway,36,,275,0,0,0,0,4,Adsad Pratap Arunbhau,,331,343,674,4,678
Amaravati,,,Dhamangaon Railway,36,,276,1,2,0,3,3,Adsad Pratap Arunbhau,,179,293,472,3,475
Amaravati,,,Dhamangaon Railway,36,,277,1,0,0,1,1,Adsad Pratap Arunbhau,,110,200,310,1,311
Amaravati,,,Dhamangaon Railway,36,,278,0,2,0,2,8,Adsad Pratap Arunbhau,,229,245,474,8,482
Amaravati,,,Dhamangaon Railway,36,,279,0,0,0,0,3,Adsad Pratap Arunbhau,,366,218,584,3,587
Amaravati,,,Dhamangaon Railway,36,,280,0,1,0,1,2,Adsad Pratap Arunbhau,,311,312,623,2,625
Amaravati,,,Dhamangaon Railway,36,,228811,0,0,0,0,11,Adsad Pratap Arunbhau,,223344,337953,561297,11,561308
Amaravati,,,Dhamangaon Railway,36,,282,0,0,0,0,4,Adsad Pratap Arunbhau,,284,311,595,4,599
Amaravati,,,Dhamangaon Railway,36,,283,0,0,0,0,1,Adsad Pratap Arunbhau,,291,328,619,1,620
Amaravati,,,Dhamangaon Railway,36,,284,0,0,0,0,1,Adsad Pratap Arunbhau,,234,236,470,1,471
Amaravati,,,Dhamangaon Railway,36,,285,0,1,0,1,5,Adsad Pratap Arunbhau,,204,288,492,5,497
Amaravati,,,Dhamangaon Railway,36,,286,0,0,0,0,4,Adsad Pratap Arunbhau,,365,239,604,4,608
Amaravati,,,Dhamangaon Railway,36,,287,0,0,0,0,3,Adsad Pratap Arunbhau,,357,420,777,3,780
Amaravati,,,Dhamangaon Railway,36,,288,0,0,0,0,1,Adsad Pratap Arunbhau,,375,220,595,1,596
Amaravati,,,Dhamangaon Railway,36,,289,0,0,0,0,1,Adsad Pratap Arunbhau,,321,457,778,1,779
Amaravati,,,Dhamangaon Railway,36,,290,0,0,0,0,0,Adsad Pratap Arunbhau,,196,245,441,0,441
Amaravati,,,Dhamangaon Railway,36,,291,0,1,0,1,1,Adsad Pratap Arunbhau,,243,196,439,1,440
Amaravati,,,Dhamangaon Railway,36,,292,1,1,0,2,4,Adsad Pratap Arunbhau,,303,310,613,4,617
Amaravati,,,Dhamangaon Railway,36,,293,1,0,0,1,3,Adsad Pratap Arunbhau,,511,392,903,3,906
Amaravati,,,Dhamangaon Railway,36,,294,0,0,0,0,1,Adsad Pratap Arunbhau,,375,464,839,1,840
Amaravati,,,Dhamangaon Railway,36,,229955,0,0,0,0,0,Adsad Pratap Arunbhau,,222255,224565,446820,0,446820
Amaravati,,,Dhamangaon Railway,36,,296,0,2,0,2,2,Adsad Pratap Arunbhau,,182,294,476,2,478
Amaravati,,,Dhamangaon Railway,36,,297,0,2,0,2,0,Adsad Pratap Arunbhau,,305,231,536,0,536
Amaravati,,,Dhamangaon Railway,36,,298,0,0,0,0,3,Adsad Pratap Arunbhau,,307,324,631,3,634
Amaravati,,,Dhamangaon Railway,36,,299,0,0,0,0,1,Adsad Pratap Arunbhau,,244,282,526,1,527
Amaravati,,,Dhamangaon Railway,36,,300,0,1,0,1,4,Adsad Pratap Arunbhau,,247,295,542,4,546
Amaravati,,,Dhamangaon Railway,36,,301,1,0,0,1,1,Adsad Pratap Arunbhau,,191,225,416,1,417
Amaravati,,,Dhamangaon Railway,36,,302,0,0,0,0,5,Adsad Pratap Arunbhau,,352,421,773,5,778
Amaravati,,,Dhamangaon Railway,36,,303,0,0,0,0,2,Adsad Pratap Arunbhau,,167,151,318,2,320
Amaravati,,,Dhamangaon Railway,36,,304,0,1,0,1,2,Adsad Pratap Arunbhau,,378,367,745,2,747
Amaravati,,,Dhamangaon Railway,36,,305,0,0,0,0,0,Adsad Pratap Arunbhau,,378,202,580,0,580
Amaravati,,,Dhamangaon Railway,36,,306,1,1,0,2,0,Adsad Pratap Arunbhau,,224,284,508,0,508
Amaravati,,,Dhamangaon Railway,36,,307,60,0,0,60,1,Adsad Pratap Arunbhau,,174,275,449,1,450
Amaravati,,,Dhamangaon Railway,36,,308,0,0,0,0,2,Adsad Pratap Arunbhau,,255,278,533,2,535
Amaravati,,,Dhamangaon Railway,36,,330099,1,1,0,2,3,Adsad Pratap Arunbhau,,187,250,437,3,440
Amaravati,,,Dhamangaon Railway,36,,310,0,0,0,0,1,Adsad Pratap Arunbhau,,401,283,684,1,685
Amaravati,,,Dhamangaon Railway,36,,311,0,0,0,0,1,Adsad Pratap Arunbhau,,310,258,568,1,569
Amaravati,,,Dhamangaon Railway,36,,312,0,1,0,1,1,Adsad Pratap Arunbhau,,160,592,752,1,753
Amaravati,,,Dhamangaon Railway,36,,313,0,0,0,0,0,Adsad Pratap Arunbhau,,211,473,684,0,684
Amaravati,,,Dhamangaon Railway,36,,314,1,0,0,1,2,Adsad Pratap Arunbhau,,242,282,524,2,526
Amaravati,,,Dhamangaon Railway,36,,315,0,0,0,0,1,Adsad Pratap Arunbhau,,189,233,422,1,423
Amaravati,,,Dhamangaon Railway,36,,316,0,0,0,0,0,Adsad Pratap Arunbhau,,211,197,408,0,408
Amaravati,,,Dhamangaon Railway,36,,317,0,0,0,0,1,Adsad Pratap Arunbhau,,193,216,409,1,410
Amaravati,,,Dhamangaon Railway,36,,318,1,0,0,1,3,Adsad Pratap Arunbhau,,349,356,705,3,708
Amaravati,,,Dhamangaon Railway,36,,319,0,1,0,1,1,Adsad Pratap Arunbhau,,185,288,473,1,474
Amaravati,,,Dhamangaon Railway,36,,320,0,0,0,0,0,Adsad Pratap Arunbhau,,236,248,484,0,484
Amaravati,,,Dhamangaon Railway,36,,321,0,0,0,0,0,Adsad Pratap Arunbhau,,151,217,368,0,368
Amaravati,,,Dhamangaon Railway,36,,322,0,0,0,0,1,Adsad Pratap Arunbhau,,139,132,271,1,272
Amaravati,,,Dhamangaon Railway,36,,332233,0,0,0,0,1,Adsad Pratap Arunbhau,,100,182,282,1,283
Amaravati,,,Dhamangaon Railway,36,,324,0,0,0,0,1,Adsad Pratap Arunbhau,,299,307,606,1,607
Amaravati,,,Dhamangaon Railway,36,,325,0,0,0,0,2,Adsad Pratap Arunbhau,,457,294,751,2,753
Amaravati,,,Dhamangaon Railway,36,,326,0,0,0,0,3,Adsad Pratap Arunbhau,,178,273,451,3,454
Amaravati,,,Dhamangaon Railway,36,,327,0,1,0,1,1,Adsad Pratap Arunbhau,,388,310,698,1,699
Amaravati,,,Dhamangaon Railway,36,,328,0,0,0,0,0,Adsad Pratap Arunbhau,,238,324,562,0,562
Amaravati,,,Dhamangaon Railway,36,,329,0,0,0,0,0,Adsad Pratap Arunbhau,,290,180,470,0,470
Amaravati,,,Dhamangaon Railway,36,,330,0,1,0,1,1,Adsad Pratap Arunbhau,,307,423,730,1,731
Amaravati,,,Dhamangaon Railway,36,,331,0,0,0,0,2,Adsad Pratap Arunbhau,,195,231,426,2,428
Amaravati,,,Dhamangaon Railway,36,,332,0,1,0,1,1,Adsad Pratap Arunbhau,,282,163,445,1,446
Amaravati,,,Dhamangaon Railway,36,,333,0,0,0,0,3,Adsad Pratap Arunbhau,,416,294,710,3,713
Amaravati,,,Dhamangaon Railway,36,,334,0,0,0,0,1,Adsad Pratap Arunbhau,,265,212,477,1,478
Amaravati,,,Dhamangaon Railway,36,,335,0,0,0,0,8,Adsad Pratap Arunbhau,,47,364,411,8,419
Amaravati,,,Dhamangaon Railway,36,,336,0,0,0,0,5,Adsad Pratap Arunbhau,,126,291,417,5,422
Amaravati,,,Dhamangaon Railway,36,,337,0,0,0,0,1,Adsad Pratap Arunbhau,,86,98,184,1,185
Amaravati,,,Dhamangaon Railway,36,,338,0,1,0,1,1,Adsad Pratap Arunbhau,,351,343,694,1,695
Amaravati,,,Dhamangaon Railway,36,,339,0,2,0,2,4,Adsad Pratap Arunbhau,,250,372,622,4,626
Amaravati,,,Dhamangaon Railway,36,,340,0,0,0,0,6,Adsad Pratap Arunbhau,,318,246,564,6,570
Amaravati,,,Dhamangaon Railway,36,,341,0,0,0,0,1,Adsad Pratap Arunbhau,,153,161,314,1,315
Amaravati,,,Dhamangaon Railway,36,,342,0,0,0,0,0,Adsad Pratap Arunbhau,,101,165,266,0,266
Amaravati,,,Dhamangaon Railway,36,,343,1,1,0,2,2,Adsad Pratap Arunbhau,,342,340,682,2,684
Amaravati,,,Dhamangaon Railway,36,,344,0,0,0,0,0,Adsad Pratap Arunbhau,,322,402,724,0,724
Amaravati,,,Dhamangaon Railway,36,,345,0,0,0,0,5,Adsad Pratap Arunbhau,,337,306,643,5,648
Amaravati,,,Dhamangaon Railway,36,,346,0,1,0,1,2,Adsad Pratap Arunbhau,,160,172,332,2,334
Amaravati,,,Dhamangaon Railway,36,,347,0,0,0,0,0,Adsad Pratap Arunbhau,,227,333,560,0,560
Amaravati,,,Dhamangaon Railway,36,,348,0,0,0,0,1,Adsad Pratap Arunbhau,,149,224,373,1,374
Amaravati,,,Dhamangaon Railway,36,,349,0,1,0,1,2,Adsad Pratap Arunbhau,,192,187,379,2,381
Amaravati,,,Dhamangaon Railway,36,,350,0,0,0,0,2,Adsad Pratap Arunbhau,,172,279,451,2,453
Amaravati,,,Dhamangaon Railway,36,,335511,22,0,0,22,44,Adsad Pratap Arunbhau,,221100,117986,339086,44,339130
Amaravati,,,Dhamangaon Railway,36,,352,0,1,0,1,2,Adsad Pratap Arunbhau,,361,182,543,2,545
Amaravati,,,Dhamangaon Railway,36,,353,0,0,0,0,2,Adsad Pratap Arunbhau,,293,118,411,2,413
Amaravati,,,Dhamangaon Railway,36,,354,1,0,0,1,0,Adsad Pratap Arunbhau,,245,366,611,0,611
Amaravati,,,Dhamangaon Railway,36,,355,0,2,0,2,0,Adsad Pratap Arunbhau,,125,154,279,0,279
Amaravati,,,Dhamangaon Railway,36,,356,0,0,0,0,1,Adsad Pratap Arunbhau,,157,327,484,1,485
Amaravati,,,Dhamangaon Railway,36,,357,0,1,0,1,2,Adsad Pratap Arunbhau,,324,264,588,2,590
Amaravati,,,Dhamangaon Railway,36,,358,0,0,0,0,3,Adsad Pratap Arunbhau,,397,229,626,3,629
Amaravati,,,Dhamangaon Railway,36,,359,0,0,0,0,5,Adsad Pratap Arunbhau,,380,358,738,5,743
Amaravati,,,Dhamangaon Railway,36,,360,0,0,0,0,5,Adsad Pratap Arunbhau,,522,350,872,5,877
Amaravati,,,Dhamangaon Railway,36,,361,0,1,0,1,2,Adsad Pratap Arunbhau,,328,435,763,2,765
Amaravati,,,Dhamangaon Railway,36,,362,0,0,0,0,4,Adsad Pratap Arunbhau,,484,344,828,4,832
Amaravati,,,Dhamangaon Railway,36,,363,1,0,0,1,2,Adsad Pratap Arunbhau,,299,532,831,2,833
Amaravati,,,Dhamangaon Railway,36,,364,0,2,0,2,3,Adsad Pratap Arunbhau,,353,229,582,3,585
Amaravati,,,Dhamangaon Railway,36,,336655,0,44,0,44,1100,Adsad Pratap Arunbhau,,449900,115665,565565,1100,566665
Amaravati,,,Dhamangaon Railway,36,,366,2,3,0,5,6,Adsad Pratap Arunbhau,,568,136,704,6,710
Amaravati,,,Dhamangaon Railway,36,,367,0,4,0,4,5,Adsad Pratap Arunbhau,,475,211,686,5,691
Amaravati,,,Dhamangaon Railway,36,,368,0,0,0,0,3,Adsad Pratap Arunbhau,,500,286,786,3,789
Amaravati,,,Dhamangaon Railway,36,,369,0,0,0,0,0,Adsad Pratap Arunbhau,,422,251,673,0,673
Amaravati,,,Dhamangaon Railway,36,,370,0,3,0,3,5,Adsad Pratap Arunbhau,,462,413,875,5,880
Amaravati,,,Dhamangaon Railway,36,,371,1,1,0,2,6,Adsad Pratap Arunbhau,,429,313,742,6,748
Amaravati,,,Dhamangaon Railway,36,,372,0,2,0,2,5,Adsad Pratap Arunbhau,,297,360,657,5,662
Amaravati,,,Dhamangaon Railway,36,,373,0,0,0,0,1,Adsad Pratap Arunbhau,,147,218,365,1,366
Amaravati,,,Dhamangaon Railway,36,,374,0,0,0,0,4,Adsad Pratap Arunbhau,,252,182,434,4,438
Amaravati,,,Dhamangaon Railway,36,,375,0,0,0,0,3,Adsad Pratap Arunbhau,,201,181,382,3,385
Amaravati,,,Dhamangaon Railway,36,,376,0,0,0,0,1,Adsad Pratap Arunbhau,,277,171,448,1,449
Amaravati,,,Dhamangaon Railway,36,,377,1,1,0,2,0,Adsad Pratap Arunbhau,,249,249,498,0,498
Amaravati,,,Dhamangaon Railway,36,,378,0,0,0,0,2,Adsad Pratap Arunbhau,,171,277,448,2,450
TOTAL,,,,,,,172,187,0,359,2125,,,5558031,3843009,9401040,2125,9403165
