District Name,District No,Jilha,Constituency Name,Constituency No,Total No. of Electors,Serial Poll,Total No. Valid Votes,No. of Rejected Votes,NOTA,Total,No. of Tendered Votes,Elected Person Name,Party Name of Elected Person,No. of Valid Votes Cast in Favour of Elected Person,Other Candidate Votes,Total EVM Votes,Total Postal ballot votes,Total Votes Polled
Amaravati,,,Melghat (ST),41,,1,5,9,0,14,6,Dr. H Ce him m a ot nt eN a n d a,,182,485,667,6,673
Amaravati,,,Melghat (ST),41,,1,2,6,0,8,4,Dr. H Ce him m a ot nt eN a n d a,,456,169,625,4,629
Amaravati,,,Melghat (ST),41,,1,0,2,0,2,1,Dr. H Ce him m a ot nt eN a n d a,,102,263,365,1,366
Amaravati,,,Melghat (ST),41,,1,0,0,0,0,0,Dr. H Ce him m a ot nt eN a n d a,,156,167,323,0,323
Amaravati,,,Melghat (ST),41,,1,2,1,0,3,6,Dr. H Ce him m a ot nt eN a n d a,,270,145,415,6,421
Amaravati,,,Melghat (ST),41,,1,5,8,0,13,7,Dr. H Ce him m a ot nt eN a n d a,,154,202,356,7,363
Amaravati,,,Melghat (ST),41,,1,0,1,0,1,4,Dr. H Ce him m a ot nt eN a n d a,,75,274,349,4,353
Amaravati,,,Melghat (ST),41,,1,7,8,0,15,4,Dr. H Ce him m a ot nt eN a n d a,,446,240,686,4,690
Amaravati,,,Melghat (ST),41,,1,17,11,0,28,14,Dr. H Ce him m a ot nt eN a n d a,,258,516,774,14,788
Amaravati,,,Melghat (ST),41,,1,0,0,0,0,0,Dr. H Ce him m a ot nt eN a n d a,,0,10,10,0,10
Amaravati,,,Melghat (ST),41,,1,13,1,0,14,0,Dr. H Ce him m a ot nt eN a n d a,,482,95,577,0,577
Amaravati,,,Melghat (ST),41,,1,12,1,0,13,10,Dr. H Ce him m a ot nt eN a n d a,,424,610,1034,10,1044
Amaravati,,,Melghat (ST),41,,1,4,5,0,9,4,Dr. H Ce him m a ot nt eN a n d a,,150,438,588,4,592
Amaravati,,,Melghat (ST),41,,1,3,3,0,6,9,Dr. H Ce him m a ot nt eN a n d a,,308,445,753,9,762
Amaravati,,,Melghat (ST),41,,2,3,0,0,3,1,Dr. H Ce him m a ot nt eN a n d a,,285,38,323,1,324
Amaravati,,,Melghat (ST),41,,2,6,3,0,9,1,Dr. H Ce him m a ot nt eN a n d a,,166,294,460,1,461
Amaravati,,,Melghat (ST),41,,2,2,0,0,2,0,Dr. H Ce him m a ot nt eN a n d a,,113,109,222,0,222
Amaravati,,,Melghat (ST),41,,2,0,0,0,0,0,Dr. H Ce him m a ot nt eN a n d a,,0,18,18,0,18
Amaravati,,,Melghat (ST),41,,2,1,2,0,3,4,Dr. H Ce him m a ot nt eN a n d a,,277,168,445,4,449
Amaravati,,,Melghat (ST),41,,2,3,4,0,7,2,Dr. H Ce him m a ot nt eN a n d a,,327,598,925,2,927
Amaravati,,,Melghat (ST),41,,2,13,3,0,16,3,Dr. H Ce him m a ot nt eN a n d a,,342,394,736,3,739
Amaravati,,,Melghat (ST),41,,2,4,2,0,6,3,Dr. H Ce him m a ot nt eN a n d a,,622,183,805,3,808
Amaravati,,,Melghat (ST),41,,2,0,2,0,2,2,Dr. H Ce him m a ot nt eN a n d a,,100,113,213,2,215
Amaravati,,,Melghat (ST),41,,2,0,0,0,0,0,Dr. H Ce him m a ot nt eN a n d a,,0,24,24,0,24
Amaravati,,,Melghat (ST),41,,2,5,3,0,8,4,Dr. H Ce him m a ot nt eN a n d a,,159,377,536,4,540
Amaravati,,,Melghat (ST),41,,2,39,2,0,41,2,Dr. H Ce him m a ot nt eN a n d a,,183,254,437,2,439
Amaravati,,,Melghat (ST),41,,2,3,1,0,4,4,Dr. H Ce him m a ot nt eN a n d a,,255,128,383,4,387
Amaravati,,,Melghat (ST),41,,2,4,2,0,6,3,Dr. H Ce him m a ot nt eN a n d a,,425,215,640,3,643
Amaravati,,,Melghat (ST),41,,3,3,2,0,5,11,Dr. H Ce him m a ot nt eN a n d a,,370,388,758,11,769
Amaravati,,,Melghat (ST),41,,3,33,0,0,33,1,Dr. H Ce him m a ot nt eN a n d a,,306,146,452,1,453
Amaravati,,,Melghat (ST),41,,3,14,0,0,14,0,Dr. H Ce him m a ot nt eN a n d a,,308,137,445,0,445
Amaravati,,,Melghat (ST),41,,3,2,1,0,3,2,Dr. H Ce him m a ot nt eN a n d a,,169,225,394,2,396
Amaravati,,,Melghat (ST),41,,3,3,0,0,3,0,Dr. H Ce him m a ot nt eN a n d a,,355,48,403,0,403
Amaravati,,,Melghat (ST),41,,3,0,1,0,1,2,Dr. H Ce him m a ot nt eN a n d a,,180,85,265,2,267
Amaravati,,,Melghat (ST),41,,3,4,1,0,5,0,Dr. H Ce him m a ot nt eN a n d a,,306,93,399,0,399
Amaravati,,,Melghat (ST),41,,3,13,5,0,18,0,Dr. H Ce him m a ot nt eN a n d a,,582,188,770,0,770
Amaravati,,,Melghat (ST),41,,3,16,0,0,16,1,Dr. H Ce him m a ot nt eN a n d a,,292,100,392,1,393
Amaravati,,,Melghat (ST),41,,3,3,3,0,6,2,Dr. H Ce him m a ot nt eN a n d a,,101,561,662,2,664
Amaravati,,,Melghat (ST),41,,3,2,2,0,4,3,Dr. H Ce him m a ot nt eN a n d a,,174,228,402,3,405
Amaravati,,,Melghat (ST),41,,3,0,1,0,1,0,Dr. H Ce him m a ot nt eN a n d a,,276,134,410,0,410
Amaravati,,,Melghat (ST),41,,3,5,2,0,7,2,Dr. H Ce him m a ot nt eN a n d a,,461,214,675,2,677
Amaravati,,,Melghat (ST),41,,3,12,2,0,14,1,Dr. H Ce him m a ot nt eN a n d a,,455,216,671,1,672
Amaravati,,,Melghat (ST),41,,4,14,3,0,17,6,Dr. H Ce him m a ot nt eN a n d a,,192,442,634,6,640
Amaravati,,,Melghat (ST),41,,4,5,2,0,7,2,Dr. H Ce him m a ot nt eN a n d a,,421,432,853,2,855
Amaravati,,,Melghat (ST),41,,4,23,3,0,26,2,Dr. H Ce him m a ot nt eN a n d a,,171,413,584,2,586
Amaravati,,,Melghat (ST),41,,4,1,1,0,2,3,Dr. H Ce him m a ot nt eN a n d a,,248,186,434,3,437
Amaravati,,,Melghat (ST),41,,4,5,1,0,6,1,Dr. H Ce him m a ot nt eN a n d a,,20,168,188,1,189
Amaravati,,,Melghat (ST),41,,4,2,6,0,8,2,Dr. H Ce him m a ot nt eN a n d a,,420,488,908,2,910
Amaravati,,,Melghat (ST),41,,4,3,2,0,5,3,Dr. H Ce him m a ot nt eN a n d a,,661,263,924,3,927
Amaravati,,,Melghat (ST),41,,4,4,5,0,9,4,Dr. H Ce him m a ot nt eN a n d a,,267,344,611,4,615
Amaravati,,,Melghat (ST),41,,4,8,4,0,12,1,Dr. H Ce him m a ot nt eN a n d a,,357,187,544,1,545
Amaravati,,,Melghat (ST),41,,4,6,2,0,8,0,Dr. H Ce him m a ot nt eN a n d a,,360,285,645,0,645
Amaravati,,,Melghat (ST),41,,4,1,2,0,3,1,Dr. H Ce him m a ot nt eN a n d a,,648,175,823,1,824
Amaravati,,,Melghat (ST),41,,4,15,4,0,19,1,Dr. H Ce him m a ot nt eN a n d a,,449,213,662,1,663
Amaravati,,,Melghat (ST),41,,4,2,2,0,4,4,Dr. H Ce him m a ot nt eN a n d a,,328,346,674,4,678
Amaravati,,,Melghat (ST),41,,4,30,2,0,32,2,Dr. H Ce him m a ot nt eN a n d a,,392,192,584,2,586
Amaravati,,,Melghat (ST),41,,5,10,3,0,13,4,Dr. H Ce him m a ot nt eN a n d a,,586,190,776,4,780
Amaravati,,,Melghat (ST),41,,5,1,3,0,4,2,Dr. H Ce him m a ot nt eN a n d a,,176,367,543,2,545
Amaravati,,,Melghat (ST),41,,5,1,3,0,4,1,Dr. H Ce him m a ot nt eN a n d a,,138,318,456,1,457
Amaravati,,,Melghat (ST),41,,5,5,2,0,7,1,Dr. H Ce him m a ot nt eN a n d a,,391,346,737,1,738
Amaravati,,,Melghat (ST),41,,5,11,2,0,13,0,Dr. H Ce him m a ot nt eN a n d a,,477,288,765,0,765
Amaravati,,,Melghat (ST),41,,5,53,2,0,55,1,Dr. H Ce him m a ot nt eN a n d a,,384,273,657,1,658
Amaravati,,,Melghat (ST),41,,5,13,2,0,15,0,Dr. H Ce him m a ot nt eN a n d a,,190,349,539,0,539
Amaravati,,,Melghat (ST),41,,5,3,3,0,6,1,Dr. H Ce him m a ot nt eN a n d a,,387,199,586,1,587
Amaravati,,,Melghat (ST),41,,5,5,0,0,5,2,Dr. H Ce him m a ot nt eN a n d a,,303,222,525,2,527
Amaravati,,,Melghat (ST),41,,5,8,1,0,9,3,Dr. H Ce him m a ot nt eN a n d a,,576,296,872,3,875
Amaravati,,,Melghat (ST),41,,5,2,0,0,2,0,Dr. H Ce him m a ot nt eN a n d a,,226,99,325,0,325
Amaravati,,,Melghat (ST),41,,5,8,1,0,9,4,Dr. H Ce him m a ot nt eN a n d a,,954,201,1155,4,1159
Amaravati,,,Melghat (ST),41,,5,0,0,0,0,2,Dr. H Ce him m a ot nt eN a n d a,,449,157,606,2,608
Amaravati,,,Melghat (ST),41,,5,0,2,0,2,3,Dr. H Ce him m a ot nt eN a n d a,,405,138,543,3,546
Amaravati,,,Melghat (ST),41,,6,1,1,0,2,3,Dr. H Ce him m a ot nt eN a n d a,,460,134,594,3,597
Amaravati,,,Melghat (ST),41,,6,0,1,0,1,2,Dr. H Ce him m a ot nt eN a n d a,,573,173,746,2,748
Amaravati,,,Melghat (ST),41,,6,10,1,0,11,1,Dr. H Ce him m a ot nt eN a n d a,,301,533,834,1,835
Amaravati,,,Melghat (ST),41,,6,1,0,0,1,0,Dr. H Ce him m a ot nt eN a n d a,,188,412,600,0,600
Amaravati,,,Melghat (ST),41,,6,3,0,0,3,0,Dr. H Ce him m a ot nt eN a n d a,,403,335,738,0,738
Amaravati,,,Melghat (ST),41,,6,3,0,0,3,3,Dr. H Ce him m a ot nt eN a n d a,,390,293,683,3,686
Amaravati,,,Melghat (ST),41,,6,10,2,0,12,1,Dr. H Ce him m a ot nt eN a n d a,,469,285,754,1,755
Amaravati,,,Melghat (ST),41,,6,23,0,0,23,1,Dr. H Ce him m a ot nt eN a n d a,,355,278,633,1,634
Amaravati,,,Melghat (ST),41,,6,0,0,0,0,0,Dr. H Ce him m a ot nt eN a n d a,,220,219,439,0,439
Amaravati,,,Melghat (ST),41,,6,3,0,0,3,2,Dr. H Ce him m a ot nt eN a n d a,,166,334,500,2,502
Amaravati,,,Melghat (ST),41,,6,10,1,0,11,2,Dr. H Ce him m a ot nt eN a n d a,,327,386,713,2,715
Amaravati,,,Melghat (ST),41,,6,3,3,0,6,1,Dr. H Ce him m a ot nt eN a n d a,,289,361,650,1,651
Amaravati,,,Melghat (ST),41,,6,1,3,0,4,6,Dr. H Ce him m a ot nt eN a n d a,,108,779,887,6,893
Amaravati,,,Melghat (ST),41,,6,7,1,0,8,2,Dr. H Ce him m a ot nt eN a n d a,,89,770,859,2,861
Amaravati,,,Melghat (ST),41,,7,1,3,0,4,1,Dr. H Ce him m a ot nt eN a n d a,,700,219,919,1,920
Amaravati,,,Melghat (ST),41,,7,5,1,0,6,0,Dr. H Ce him m a ot nt eN a n d a,,291,199,490,0,490
Amaravati,,,Melghat (ST),41,,7,5,0,0,5,1,Dr. H Ce him m a ot nt eN a n d a,,751,250,1001,1,1002
Amaravati,,,Melghat (ST),41,,7,5,1,0,6,1,Dr. H Ce him m a ot nt eN a n d a,,356,210,566,1,567
Amaravati,,,Melghat (ST),41,,7,11,2,0,13,1,Dr. H Ce him m a ot nt eN a n d a,,343,191,534,1,535
Amaravati,,,Melghat (ST),41,,7,0,1,0,1,0,Dr. H Ce him m a ot nt eN a n d a,,373,188,561,0,561
Amaravati,,,Melghat (ST),41,,7,2,0,0,2,1,Dr. H Ce him m a ot nt eN a n d a,,572,152,724,1,725
Amaravati,,,Melghat (ST),41,,7,17,0,0,17,1,Dr. H Ce him m a ot nt eN a n d a,,428,147,575,1,576
Amaravati,,,Melghat (ST),41,,7,3,0,0,3,0,Dr. H Ce him m a ot nt eN a n d a,,170,114,284,0,284
Amaravati,,,Melghat (ST),41,,7,5,2,0,7,0,Dr. H Ce him m a ot nt eN a n d a,,685,212,897,0,897
Amaravati,,,Melghat (ST),41,,7,2,0,0,2,3,Dr. H Ce him m a ot nt eN a n d a,,481,211,692,3,695
Amaravati,,,Melghat (ST),41,,7,72,1,0,73,2,Dr. H Ce him m a ot nt eN a n d a,,298,309,607,2,609
Amaravati,,,Melghat (ST),41,,7,64,9,0,73,4,Dr. H Ce him m a ot nt eN a n d a,,403,700,1103,4,1107
Amaravati,,,Melghat (ST),41,,7,30,9,0,39,2,Dr. H Ce him m a ot nt eN a n d a,,102,793,895,2,897
Amaravati,,,Melghat (ST),41,,8,0,0,0,0,0,Dr. H Ce him m a ot nt eN a n d a,,2,99,101,0,101
Amaravati,,,Melghat (ST),41,,8,2,1,0,3,1,Dr. H Ce him m a ot nt eN a n d a,,327,409,736,1,737
Amaravati,,,Melghat (ST),41,,8,4,1,0,5,3,Dr. H Ce him m a ot nt eN a n d a,,363,356,719,3,722
Amaravati,,,Melghat (ST),41,,8,3,0,0,3,0,Dr. H Ce him m a ot nt eN a n d a,,205,190,395,0,395
Amaravati,,,Melghat (ST),41,,8,8,4,0,12,4,Dr. H Ce him m a ot nt eN a n d a,,657,228,885,4,889
Amaravati,,,Melghat (ST),41,,8,17,3,0,20,2,Dr. H Ce him m a ot nt eN a n d a,,693,174,867,2,869
Amaravati,,,Melghat (ST),41,,8,0,0,0,0,0,Dr. H Ce him m a ot nt eN a n d a,,465,181,646,0,646
Amaravati,,,Melghat (ST),41,,8,6,0,0,6,1,Dr. H Ce him m a ot nt eN a n d a,,488,177,665,1,666
Amaravati,,,Melghat (ST),41,,8,3,1,0,4,1,Dr. H Ce him m a ot nt eN a n d a,,320,288,608,1,609
Amaravati,,,Melghat (ST),41,,8,13,1,0,14,4,Dr. H Ce him m a ot nt eN a n d a,,711,244,955,4,959
Amaravati,,,Melghat (ST),41,,8,0,0,0,0,1,Dr. H Ce him m a ot nt eN a n d a,,474,226,700,1,701
Amaravati,,,Melghat (ST),41,,8,4,0,0,4,0,Dr. H Ce him m a ot nt eN a n d a,,337,144,481,0,481
Amaravati,,,Melghat (ST),41,,8,3,0,0,3,0,Dr. H Ce him m a ot nt eN a n d a,,367,169,536,0,536
Amaravati,,,Melghat (ST),41,,8,13,10,0,23,3,Dr. H Ce him m a ot nt eN a n d a,,213,504,717,3,720
Amaravati,,,Melghat (ST),41,,9,2,2,0,4,0,Dr. H Ce him m a ot nt eN a n d a,,635,176,811,0,811
Amaravati,,,Melghat (ST),41,,9,2,0,0,2,0,Dr. H Ce him m a ot nt eN a n d a,,603,145,748,0,748
Amaravati,,,Melghat (ST),41,,9,23,2,0,25,2,Dr. H Ce him m a ot nt eN a n d a,,588,376,964,2,966
Amaravati,,,Melghat (ST),41,,9,24,1,0,25,2,Dr. H Ce him m a ot nt eN a n d a,,782,209,991,2,993
Amaravati,,,Melghat (ST),41,,9,18,1,0,19,1,Dr. H Ce him m a ot nt eN a n d a,,724,272,996,1,997
Amaravati,,,Melghat (ST),41,,9,3,1,0,4,0,Dr. H Ce him m a ot nt eN a n d a,,457,465,922,0,922
Amaravati,,,Melghat (ST),41,,9,3,1,0,4,1,Dr. H Ce him m a ot nt eN a n d a,,349,376,725,1,726
Amaravati,,,Melghat (ST),41,,9,7,0,0,7,1,Dr. H Ce him m a ot nt eN a n d a,,805,228,1033,1,1034
Amaravati,,,Melghat (ST),41,,9,5,1,0,6,3,Dr. H Ce him m a ot nt eN a n d a,,515,183,698,3,701
Amaravati,,,Melghat (ST),41,,9,23,0,0,23,3,Dr. H Ce him m a ot nt eN a n d a,,417,225,642,3,645
Amaravati,,,Melghat (ST),41,,9,4,0,0,4,1,Dr. H Ce him m a ot nt eN a n d a,,505,205,710,1,711
Amaravati,,,Melghat (ST),41,,9,3,1,0,4,1,Dr. H Ce him m a ot nt eN a n d a,,444,359,803,1,804
Amaravati,,,Melghat (ST),41,,9,5,2,0,7,0,Dr. H Ce him m a ot nt eN a n d a,,498,273,771,0,771
Amaravati,,,Melghat (ST),41,,9,1,1,0,2,2,Dr. H Ce him m a ot nt eN a n d a,,581,262,843,2,845
Amaravati,,,Melghat (ST),41,,10,1,1,0,2,0,Dr. H Ce him m a ot nt eN a n d a,,118,193,311,0,311
Amaravati,,,Melghat (ST),41,,10,1,2,0,3,3,Dr. H Ce him m a ot nt eN a n d a,,56,322,378,3,381
Amaravati,,,Melghat (ST),41,,10,3,1,0,4,0,Dr. H Ce him m a ot nt eN a n d a,,121,215,336,0,336
Amaravati,,,Melghat (ST),41,,10,0,0,0,0,0,Dr. H Ce him m a ot nt eN a n d a,,365,177,542,0,542
Amaravati,,,Melghat (ST),41,,10,21,2,0,23,1,Dr. H Ce him m a ot nt eN a n d a,,316,339,655,1,656
Amaravati,,,Melghat (ST),41,,10,9,4,0,13,7,Dr. H Ce him m a ot nt eN a n d a,,571,472,1043,7,1050
Amaravati,,,Melghat (ST),41,,10,7,1,0,8,1,Dr. H Ce him m a ot nt eN a n d a,,639,256,895,1,896
Amaravati,,,Melghat (ST),41,,10,4,1,0,5,0,Dr. H Ce him m a ot nt eN a n d a,,437,261,698,0,698
Amaravati,,,Melghat (ST),41,,10,4,0,0,4,3,Dr. H Ce him m a ot nt eN a n d a,,668,215,883,3,886
Amaravati,,,Melghat (ST),41,,10,4,1,0,5,1,Dr. H Ce him m a ot nt eN a n d a,,511,198,709,1,710
Amaravati,,,Melghat (ST),41,,10,19,8,0,27,3,Dr. H Ce him m a ot nt eN a n d a,,551,439,990,3,993
Amaravati,,,Melghat (ST),41,,10,0,1,0,1,0,Dr. H Ce him m a ot nt eN a n d a,,250,178,428,0,428
Amaravati,,,Melghat (ST),41,,10,10,1,0,11,0,Dr. H Ce him m a ot nt eN a n d a,,568,267,835,0,835
Amaravati,,,Melghat (ST),41,,10,5,1,0,6,1,Dr. H Ce him m a ot nt eN a n d a,,451,213,664,1,665
Amaravati,,,Melghat (ST),41,,11,5,2,0,7,0,Dr. H Ce him m a ot nt eN a n d a,,385,228,613,0,613
Amaravati,,,Melghat (ST),41,,11,6,1,0,7,0,Dr. H Ce him m a ot nt eN a n d a,,348,205,553,0,553
Amaravati,,,Melghat (ST),41,,11,9,1,0,10,3,Dr. H Ce him m a ot nt eN a n d a,,514,296,810,3,813
Amaravati,,,Melghat (ST),41,,11,15,3,0,18,0,Dr. H Ce him m a ot nt eN a n d a,,757,296,1053,0,1053
Amaravati,,,Melghat (ST),41,,11,6,3,0,9,3,Dr. H Ce him m a ot nt eN a n d a,,675,246,921,3,924
Amaravati,,,Melghat (ST),41,,11,3,2,0,5,0,Dr. H Ce him m a ot nt eN a n d a,,292,246,538,0,538
Amaravati,,,Melghat (ST),41,,11,4,0,0,4,2,Dr. H Ce him m a ot nt eN a n d a,,403,245,648,2,650
Amaravati,,,Melghat (ST),41,,11,15,1,0,16,1,Dr. H Ce him m a ot nt eN a n d a,,340,180,520,1,521
Amaravati,,,Melghat (ST),41,,11,3,1,0,4,1,Dr. H Ce him m a ot nt eN a n d a,,486,278,764,1,765
Amaravati,,,Melghat (ST),41,,11,52,1,0,53,0,Dr. H Ce him m a ot nt eN a n d a,,485,344,829,0,829
Amaravati,,,Melghat (ST),41,,11,0,0,0,0,1,Dr. H Ce him m a ot nt eN a n d a,,463,314,777,1,778
Amaravati,,,Melghat (ST),41,,11,43,3,0,46,3,Dr. H Ce him m a ot nt eN a n d a,,614,463,1077,3,1080
Amaravati,,,Melghat (ST),41,,11,5,6,0,11,6,Dr. H Ce him m a ot nt eN a n d a,,693,450,1143,6,1149
Amaravati,,,Melghat (ST),41,,11,5,2,0,7,2,Dr. H Ce him m a ot nt eN a n d a,,721,340,1061,2,1063
Amaravati,,,Melghat (ST),41,,12,4,0,0,4,0,Dr. H Ce him m a ot nt eN a n d a,,260,190,450,0,450
Amaravati,,,Melghat (ST),41,,12,26,3,0,29,4,Dr. H Ce him m a ot nt eN a n d a,,793,311,1104,4,1108
Amaravati,,,Melghat (ST),41,,12,24,3,0,27,1,Dr. H Ce him m a ot nt eN a n d a,,470,353,823,1,824
Amaravati,,,Melghat (ST),41,,12,62,6,0,68,4,Dr. H Ce him m a ot nt eN a n d a,,771,357,1128,4,1132
Amaravati,,,Melghat (ST),41,,12,3,0,0,3,1,Dr. H Ce him m a ot nt eN a n d a,,418,192,610,1,611
Amaravati,,,Melghat (ST),41,,12,4,1,0,5,1,Dr. H Ce him m a ot nt eN a n d a,,602,272,874,1,875
Amaravati,,,Melghat (ST),41,,12,2,7,0,9,5,Dr. H Ce him m a ot nt eN a n d a,,673,493,1166,5,1171
Amaravati,,,Melghat (ST),41,,12,4,7,0,11,4,Dr. H Ce him m a ot nt eN a n d a,,465,529,994,4,998
Amaravati,,,Melghat (ST),41,,12,0,1,0,1,4,Dr. H Ce him m a ot nt eN a n d a,,249,571,820,4,824
Amaravati,,,Melghat (ST),41,,12,1,0,0,1,1,Dr. H Ce him m a ot nt eN a n d a,,237,341,578,1,579
Amaravati,,,Melghat (ST),41,,12,3,3,0,6,3,Dr. H Ce him m a ot nt eN a n d a,,815,424,1239,3,1242
Amaravati,,,Melghat (ST),41,,12,3,2,0,5,0,Dr. H Ce him m a ot nt eN a n d a,,571,369,940,0,940
Amaravati,,,Melghat (ST),41,,12,1,1,0,2,0,Dr. H Ce him m a ot nt eN a n d a,,247,395,642,0,642
Amaravati,,,Melghat (ST),41,,12,0,0,0,0,1,Dr. H Ce him m a ot nt eN a n d a,,376,263,639,1,640
Amaravati,,,Melghat (ST),41,,13,8,0,0,8,1,Dr. H Ce him m a ot nt eN a n d a,,343,186,529,1,530
Amaravati,,,Melghat (ST),41,,13,21,0,0,21,1,Dr. H Ce him m a ot nt eN a n d a,,477,274,751,1,752
Amaravati,,,Melghat (ST),41,,13,6,6,0,12,1,Dr. H Ce him m a ot nt eN a n d a,,396,309,705,1,706
Amaravati,,,Melghat (ST),41,,13,31,0,0,31,1,Dr. H Ce him m a ot nt eN a n d a,,423,346,769,1,770
Amaravati,,,Melghat (ST),41,,13,27,47,0,74,4,Dr. H Ce him m a ot nt eN a n d a,,529,405,934,4,938
Amaravati,,,Melghat (ST),41,,13,5,1,0,6,1,Dr. H Ce him m a ot nt eN a n d a,,494,259,753,1,754
Amaravati,,,Melghat (ST),41,,13,10,0,0,10,1,Dr. H Ce him m a ot nt eN a n d a,,527,227,754,1,755
Amaravati,,,Melghat (ST),41,,13,15,6,0,21,2,Dr. H Ce him m a ot nt eN a n d a,,637,307,944,2,946
Amaravati,,,Melghat (ST),41,,13,5,2,0,7,1,Dr. H Ce him m a ot nt eN a n d a,,277,587,864,1,865
Amaravati,,,Melghat (ST),41,,13,3,1,0,4,2,Dr. H Ce him m a ot nt eN a n d a,,337,465,802,2,804
Amaravati,,,Melghat (ST),41,,13,29,1,0,30,1,Dr. H Ce him m a ot nt eN a n d a,,563,412,975,1,976
Amaravati,,,Melghat (ST),41,,13,19,2,0,21,0,Dr. H Ce him m a ot nt eN a n d a,,444,346,790,0,790
Amaravati,,,Melghat (ST),41,,13,11,0,0,11,2,Dr. H Ce him m a ot nt eN a n d a,,458,357,815,2,817
Amaravati,,,Melghat (ST),41,,13,7,2,0,9,0,Dr. H Ce him m a ot nt eN a n d a,,402,342,744,0,744
Amaravati,,,Melghat (ST),41,,14,0,0,0,0,0,Dr. H Ce him m a ot nt eN a n d a,,1,188,189,0,189
Amaravati,,,Melghat (ST),41,,14,0,1,0,1,0,Dr. H Ce him m a ot nt eN a n d a,,401,394,795,0,795
Amaravati,,,Melghat (ST),41,,14,0,6,0,6,2,Dr. H Ce him m a ot nt eN a n d a,,345,307,652,2,654
Amaravati,,,Melghat (ST),41,,14,0,1,0,1,2,Dr. H Ce him m a ot nt eN a n d a,,291,454,745,2,747
Amaravati,,,Melghat (ST),41,,14,1,0,0,1,3,Dr. H Ce him m a ot nt eN a n d a,,287,210,497,3,500
Amaravati,,,Melghat (ST),41,,14,1,0,0,1,3,Dr. H Ce him m a ot nt eN a n d a,,295,278,573,3,576
Amaravati,,,Melghat (ST),41,,14,0,1,0,1,0,Dr. H Ce him m a ot nt eN a n d a,,288,274,562,0,562
Amaravati,,,Melghat (ST),41,,14,1,1,0,2,8,Dr. H Ce him m a ot nt eN a n d a,,200,335,535,8,543
Amaravati,,,Melghat (ST),41,,14,9,1,0,10,6,Dr. H Ce him m a ot nt eN a n d a,,457,374,831,6,837
Amaravati,,,Melghat (ST),41,,14,0,0,0,0,1,Dr. H Ce him m a ot nt eN a n d a,,176,323,499,1,500
Amaravati,,,Melghat (ST),41,,14,2,1,0,3,0,Dr. H Ce him m a ot nt eN a n d a,,182,540,722,0,722
Amaravati,,,Melghat (ST),41,,14,2,1,0,3,0,Dr. H Ce him m a ot nt eN a n d a,,272,539,811,0,811
Amaravati,,,Melghat (ST),41,,14,2,1,0,3,2,Dr. H Ce him m a ot nt eN a n d a,,246,438,684,2,686
Amaravati,,,Melghat (ST),41,,14,0,0,0,0,0,Dr. H Ce him m a ot nt eN a n d a,,177,387,564,0,564
Amaravati,,,Melghat (ST),41,,15,17,1,0,18,0,Dr. H Ce him m a ot nt eN a n d a,,366,444,810,0,810
Amaravati,,,Melghat (ST),41,,15,56,4,0,60,6,Dr. H Ce him m a ot nt eN a n d a,,618,493,1111,6,1117
Amaravati,,,Melghat (ST),41,,15,6,1,0,7,1,Dr. H Ce him m a ot nt eN a n d a,,384,369,753,1,754
Amaravati,,,Melghat (ST),41,,15,2,1,0,3,3,Dr. H Ce him m a ot nt eN a n d a,,361,398,759,3,762
Amaravati,,,Melghat (ST),41,,15,1,1,0,2,3,Dr. H Ce him m a ot nt eN a n d a,,379,255,634,3,637
Amaravati,,,Melghat (ST),41,,15,9,1,0,10,4,Dr. H Ce him m a ot nt eN a n d a,,402,352,754,4,758
Amaravati,,,Melghat (ST),41,,15,5,1,0,6,1,Dr. H Ce him m a ot nt eN a n d a,,345,278,623,1,624
Amaravati,,,Melghat (ST),41,,15,1,5,0,6,0,Dr. H Ce him m a ot nt eN a n d a,,328,448,776,0,776
Amaravati,,,Melghat (ST),41,,15,0,0,0,0,1,Dr. H Ce him m a ot nt eN a n d a,,452,264,716,1,717
Amaravati,,,Melghat (ST),41,,15,0,4,0,4,1,Dr. H Ce him m a ot nt eN a n d a,,467,284,751,1,752
Amaravati,,,Melghat (ST),41,,15,3,1,0,4,1,Dr. H Ce him m a ot nt eN a n d a,,511,309,820,1,821
Amaravati,,,Melghat (ST),41,,15,5,2,0,7,3,Dr. H Ce him m a ot nt eN a n d a,,665,407,1072,3,1075
Amaravati,,,Melghat (ST),41,,15,1,1,0,2,0,Dr. H Ce him m a ot nt eN a n d a,,478,283,761,0,761
Amaravati,,,Melghat (ST),41,,15,2,1,0,3,2,Dr. H Ce him m a ot nt eN a n d a,,441,316,757,2,759
Amaravati,,,Melghat (ST),41,,16,13,1,0,14,2,Dr. H Ce him m a ot nt eN a n d a,,577,394,971,2,973
Amaravati,,,Melghat (ST),41,,16,1,0,0,1,0,Dr. H Ce him m a ot nt eN a n d a,,374,462,836,0,836
Amaravati,,,Melghat (ST),41,,16,1,0,0,1,4,Dr. H Ce him m a ot nt eN a n d a,,636,290,926,4,930
Amaravati,,,Melghat (ST),41,,16,1,0,0,1,2,Dr. H Ce him m a ot nt eN a n d a,,614,484,1098,2,1100
Amaravati,,,Melghat (ST),41,,16,1,0,0,1,3,Dr. H Ce him m a ot nt eN a n d a,,659,342,1001,3,1004
Amaravati,,,Melghat (ST),41,,16,2,2,0,4,8,Dr. H Ce him m a ot nt eN a n d a,,528,500,1028,8,1036
Amaravati,,,Melghat (ST),41,,16,8,3,0,11,3,Dr. H Ce him m a ot nt eN a n d a,,543,451,994,3,997
Amaravati,,,Melghat (ST),41,,16,6,1,0,7,1,Dr. H Ce him m a ot nt eN a n d a,,405,403,808,1,809
Amaravati,,,Melghat (ST),41,,16,6,2,0,8,1,Dr. H Ce him m a ot nt eN a n d a,,639,257,896,1,897
Amaravati,,,Melghat (ST),41,,16,18,4,0,22,0,Dr. H Ce him m a ot nt eN a n d a,,818,345,1163,0,1163
Amaravati,,,Melghat (ST),41,,16,3,2,0,5,2,Dr. H Ce him m a ot nt eN a n d a,,408,383,791,2,793
Amaravati,,,Melghat (ST),41,,16,5,5,0,10,5,Dr. H Ce him m a ot nt eN a n d a,,438,329,767,5,772
Amaravati,,,Melghat (ST),41,,16,6,4,0,10,1,Dr. H Ce him m a ot nt eN a n d a,,582,389,971,1,972
Amaravati,,,Melghat (ST),41,,16,4,7,0,11,0,Dr. H Ce him m a ot nt eN a n d a,,258,390,648,0,648
Amaravati,,,Melghat (ST),41,,17,1,3,0,4,2,Dr. H Ce him m a ot nt eN a n d a,,817,504,1321,2,1323
Amaravati,,,Melghat (ST),41,,17,3,1,0,4,2,Dr. H Ce him m a ot nt eN a n d a,,776,583,1359,2,1361
Amaravati,,,Melghat (ST),41,,17,3,2,0,5,1,Dr. H Ce him m a ot nt eN a n d a,,824,511,1335,1,1336
Amaravati,,,Melghat (ST),41,,17,1,4,0,5,3,Dr. H Ce him m a ot nt eN a n d a,,515,404,919,3,922
Amaravati,,,Melghat (ST),41,,17,3,2,0,5,1,Dr. H Ce him m a ot nt eN a n d a,,185,284,469,1,470
Amaravati,,,Melghat (ST),41,,17,3,0,0,3,1,Dr. H Ce him m a ot nt eN a n d a,,671,548,1219,1,1220
Amaravati,,,Melghat (ST),41,,17,0,0,0,0,2,Dr. H Ce him m a ot nt eN a n d a,,617,449,1066,2,1068
Amaravati,,,Melghat (ST),41,,17,0,0,0,0,1,Dr. H Ce him m a ot nt eN a n d a,,371,550,921,1,922
Amaravati,,,Melghat (ST),41,,17,0,0,0,0,2,Dr. H Ce him m a ot nt eN a n d a,,377,493,870,2,872
Amaravati,,,Melghat (ST),41,,17,0,1,0,1,1,Dr. H Ce him m a ot nt eN a n d a,,310,346,656,1,657
Amaravati,,,Melghat (ST),41,,17,0,1,0,1,4,Dr. H Ce him m a ot nt eN a n d a,,566,494,1060,4,1064
Amaravati,,,Melghat (ST),41,,17,0,1,0,1,4,Dr. H Ce him m a ot nt eN a n d a,,491,434,925,4,929
Amaravati,,,Melghat (ST),41,,17,0,0,0,0,0,Dr. H Ce him m a ot nt eN a n d a,,320,429,749,0,749
Amaravati,,,Melghat (ST),41,,17,2,0,0,2,1,Dr. H Ce him m a ot nt eN a n d a,,411,383,794,1,795
Amaravati,,,Melghat (ST),41,,18,21,1,0,22,1,Dr. H Ce him m a ot nt eN a n d a,,196,519,715,1,716
Amaravati,,,Melghat (ST),41,,18,14,0,0,14,0,Dr. H Ce him m a ot nt eN a n d a,,263,586,849,0,849
Amaravati,,,Melghat (ST),41,,18,2,0,0,2,0,Dr. H Ce him m a ot nt eN a n d a,,458,380,838,0,838
Amaravati,,,Melghat (ST),41,,18,0,0,0,0,0,Dr. H Ce him m a ot nt eN a n d a,,260,309,569,0,569
Amaravati,,,Melghat (ST),41,,18,2,0,0,2,0,Dr. H Ce him m a ot nt eN a n d a,,343,406,749,0,749
Amaravati,,,Melghat (ST),41,,18,0,0,0,0,0,Dr. H Ce him m a ot nt eN a n d a,,539,514,1053,0,1053
Amaravati,,,Melghat (ST),41,,18,1,0,0,1,2,Dr. H Ce him m a ot nt eN a n d a,,422,413,835,2,837
Amaravati,,,Melghat (ST),41,,18,1,2,0,3,2,Dr. H Ce him m a ot nt eN a n d a,,361,449,810,2,812
Amaravati,,,Melghat (ST),41,,18,0,1,0,1,0,Dr. H Ce him m a ot nt eN a n d a,,453,397,850,0,850
Amaravati,,,Melghat (ST),41,,18,0,0,0,0,2,Dr. H Ce him m a ot nt eN a n d a,,624,401,1025,2,1027
Amaravati,,,Melghat (ST),41,,18,1,1,0,2,0,Dr. H Ce him m a ot nt eN a n d a,,904,369,1273,0,1273
Amaravati,,,Melghat (ST),41,,18,0,1,0,1,0,Dr. H Ce him m a ot nt eN a n d a,,301,327,628,0,628
Amaravati,,,Melghat (ST),41,,18,0,0,0,0,0,Dr. H Ce him m a ot nt eN a n d a,,434,333,767,0,767
Amaravati,,,Melghat (ST),41,,18,2,2,0,4,1,Dr. H Ce him m a ot nt eN a n d a,,711,441,1152,1,1153
Amaravati,,,Melghat (ST),41,,19,28,0,0,28,3,Dr. H Ce him m a ot nt eN a n d a,,395,427,822,3,825
Amaravati,,,Melghat (ST),41,,19,2,1,0,3,1,Dr. H Ce him m a ot nt eN a n d a,,348,340,688,1,689
Amaravati,,,Melghat (ST),41,,19,2,2,0,4,1,Dr. H Ce him m a ot nt eN a n d a,,238,401,639,1,640
Amaravati,,,Melghat (ST),41,,19,38,2,0,40,53,Dr. H Ce him m a ot nt eN a n d a,,614,451,1065,53,1118
Amaravati,,,Melghat (ST),41,,19,25,3,0,28,3,Dr. H Ce him m a ot nt eN a n d a,,348,533,881,3,884
Amaravati,,,Melghat (ST),41,,19,24,2,0,26,1,Dr. H Ce him m a ot nt eN a n d a,,359,562,921,1,922
Amaravati,,,Melghat (ST),41,,19,3,6,0,9,2,Dr. H Ce him m a ot nt eN a n d a,,167,508,675,2,677
Amaravati,,,Melghat (ST),41,,19,13,1,0,14,1,Dr. H Ce him m a ot nt eN a n d a,,127,356,483,1,484
Amaravati,,,Melghat (ST),41,,19,105,0,0,105,5,Dr. H Ce him m a ot nt eN a n d a,,719,346,1065,5,1070
Amaravati,,,Melghat (ST),41,,19,2,1,0,3,1,Dr. H Ce him m a ot nt eN a n d a,,446,355,801,1,802
Amaravati,,,Melghat (ST),41,,19,0,1,0,1,2,Dr. H Ce him m a ot nt eN a n d a,,606,368,974,2,976
Amaravati,,,Melghat (ST),41,,19,6,3,0,9,1,Dr. H Ce him m a ot nt eN a n d a,,900,453,1353,1,1354
Amaravati,,,Melghat (ST),41,,19,1,2,0,3,2,Dr. H Ce him m a ot nt eN a n d a,,668,427,1095,2,1097
Amaravati,,,Melghat (ST),41,,19,7,0,0,7,0,Dr. H Ce him m a ot nt eN a n d a,,783,365,1148,0,1148
Amaravati,,,Melghat (ST),41,,20,0,0,0,0,2,Dr. H Ce him m a ot nt eN a n d a,,227,809,1036,2,1038
Amaravati,,,Melghat (ST),41,,20,0,0,0,0,1,Dr. H Ce him m a ot nt eN a n d a,,783,479,1262,1,1263
Amaravati,,,Melghat (ST),41,,20,0,0,0,0,0,Dr. H Ce him m a ot nt eN a n d a,,426,381,807,0,807
Amaravati,,,Melghat (ST),41,,20,0,0,0,0,1,Dr. H Ce him m a ot nt eN a n d a,,206,632,838,1,839
Amaravati,,,Melghat (ST),41,,20,0,0,0,0,2,Dr. H Ce him m a ot nt eN a n d a,,259,409,668,2,670
Amaravati,,,Melghat (ST),41,,20,10,1,0,11,0,Dr. H Ce him m a ot nt eN a n d a,,579,732,1311,0,1311
Amaravati,,,Melghat (ST),41,,20,0,0,0,0,0,Dr. H Ce him m a ot nt eN a n d a,,247,517,764,0,764
Amaravati,,,Melghat (ST),41,,20,9,0,0,9,0,Dr. H Ce him m a ot nt eN a n d a,,190,531,721,0,721
Amaravati,,,Melghat (ST),41,,20,3,2,0,5,3,Dr. H Ce him m a ot nt eN a n d a,,675,519,1194,3,1197
Amaravati,,,Melghat (ST),41,,20,2,0,0,2,0,Dr. H Ce him m a ot nt eN a n d a,,376,336,712,0,712
Amaravati,,,Melghat (ST),41,,20,0,2,0,2,1,Dr. H Ce him m a ot nt eN a n d a,,571,546,1117,1,1118
Amaravati,,,Melghat (ST),41,,20,1,1,0,2,1,Dr. H Ce him m a ot nt eN a n d a,,786,446,1232,1,1233
Amaravati,,,Melghat (ST),41,,20,1,0,0,1,3,Dr. H Ce him m a ot nt eN a n d a,,501,376,877,3,880
Amaravati,,,Melghat (ST),41,,20,3,0,0,3,0,Dr. H Ce him m a ot nt eN a n d a,,409,313,722,0,722
Amaravati,,,Melghat (ST),41,,21,12,1,0,13,2,Dr. H Ce him m a ot nt eN a n d a,,335,484,819,2,821
Amaravati,,,Melghat (ST),41,,21,5,1,0,6,0,Dr. H Ce him m a ot nt eN a n d a,,332,404,736,0,736
Amaravati,,,Melghat (ST),41,,21,4,5,0,9,2,Dr. H Ce him m a ot nt eN a n d a,,575,504,1079,2,1081
Amaravati,,,Melghat (ST),41,,21,5,0,0,5,1,Dr. H Ce him m a ot nt eN a n d a,,467,472,939,1,940
Amaravati,,,Melghat (ST),41,,21,5,1,0,6,5,Dr. H Ce him m a ot nt eN a n d a,,172,642,814,5,819
Amaravati,,,Melghat (ST),41,,21,10,1,0,11,4,Dr. H Ce him m a ot nt eN a n d a,,364,579,943,4,947
Amaravati,,,Melghat (ST),41,,21,0,1,0,1,0,Dr. H Ce him m a ot nt eN a n d a,,262,398,660,0,660
Amaravati,,,Melghat (ST),41,,21,0,0,0,0,0,Dr. H Ce him m a ot nt eN a n d a,,240,369,609,0,609
Amaravati,,,Melghat (ST),41,,21,0,0,0,0,0,Dr. H Ce him m a ot nt eN a n d a,,127,324,451,0,451
Amaravati,,,Melghat (ST),41,,21,0,0,0,0,0,Dr. H Ce him m a ot nt eN a n d a,,120,428,548,0,548
Amaravati,,,Melghat (ST),41,,21,3,1,0,4,2,Dr. H Ce him m a ot nt eN a n d a,,295,369,664,2,666
Amaravati,,,Melghat (ST),41,,21,1,1,0,2,3,Dr. H Ce him m a ot nt eN a n d a,,302,492,794,3,797
Amaravati,,,Melghat (ST),41,,21,0,1,0,1,1,Dr. H Ce him m a ot nt eN a n d a,,340,390,730,1,731
Amaravati,,,Melghat (ST),41,,21,2,1,0,3,3,Dr. H Ce him m a ot nt eN a n d a,,571,349,920,3,923
Amaravati,,,Melghat (ST),41,,22,0,1,0,1,3,Dr. H Ce him m a ot nt eN a n d a,,485,407,892,3,895
Amaravati,,,Melghat (ST),41,,22,0,0,0,0,3,Dr. H Ce him m a ot nt eN a n d a,,402,562,964,3,967
Amaravati,,,Melghat (ST),41,,22,0,1,0,1,0,Dr. H Ce him m a ot nt eN a n d a,,341,463,804,0,804
Amaravati,,,Melghat (ST),41,,22,2,0,0,2,2,Dr. H Ce him m a ot nt eN a n d a,,236,919,1155,2,1157
Amaravati,,,Melghat (ST),41,,22,2,0,0,2,0,Dr. H Ce him m a ot nt eN a n d a,,638,538,1176,0,1176
Amaravati,,,Melghat (ST),41,,22,1,2,0,3,2,Dr. H Ce him m a ot nt eN a n d a,,657,502,1159,2,1161
Amaravati,,,Melghat (ST),41,,22,3,0,0,3,1,Dr. H Ce him m a ot nt eN a n d a,,548,573,1121,1,1122
Amaravati,,,Melghat (ST),41,,22,3,0,0,3,1,Dr. H Ce him m a ot nt eN a n d a,,600,516,1116,1,1117
Amaravati,,,Melghat (ST),41,,22,1,0,0,1,1,Dr. H Ce him m a ot nt eN a n d a,,547,548,1095,1,1096
Amaravati,,,Melghat (ST),41,,22,0,0,0,0,0,Dr. H Ce him m a ot nt eN a n d a,,476,577,1053,0,1053
Amaravati,,,Melghat (ST),41,,22,1,0,0,1,0,Dr. H Ce him m a ot nt eN a n d a,,601,471,1072,0,1072
Amaravati,,,Melghat (ST),41,,22,1,0,0,1,0,Dr. H Ce him m a ot nt eN a n d a,,528,546,1074,0,1074
Amaravati,,,Melghat (ST),41,,22,1,1,0,2,0,Dr. H Ce him m a ot nt eN a n d a,,574,431,1005,0,1005
Amaravati,,,Melghat (ST),41,,22,1,0,0,1,0,Dr. H Ce him m a ot nt eN a n d a,,521,410,931,0,931
Amaravati,,,Melghat (ST),41,,23,2,1,0,3,1,Dr. H Ce him m a ot nt eN a n d a,,545,397,942,1,943
Amaravati,,,Melghat (ST),41,,23,0,0,0,0,0,Dr. H Ce him m a ot nt eN a n d a,,514,449,963,0,963
Amaravati,,,Melghat (ST),41,,23,1,0,0,1,0,Dr. H Ce him m a ot nt eN a n d a,,296,356,652,0,652
Amaravati,,,Melghat (ST),41,,23,0,2,0,2,0,Dr. H Ce him m a ot nt eN a n d a,,150,363,513,0,513
Amaravati,,,Melghat (ST),41,,23,1,0,0,1,2,Dr. H Ce him m a ot nt eN a n d a,,237,388,625,2,627
Amaravati,,,Melghat (ST),41,,23,0,2,0,2,0,Dr. H Ce him m a ot nt eN a n d a,,195,391,586,0,586
Amaravati,,,Melghat (ST),41,,23,12,0,0,12,0,Dr. H Ce him m a ot nt eN a n d a,,123,474,597,0,597
Amaravati,,,Melghat (ST),41,,23,0,2,0,2,0,Dr. H Ce him m a ot nt eN a n d a,,278,453,731,0,731
Amaravati,,,Melghat (ST),41,,23,0,0,0,0,0,Dr. H Ce him m a ot nt eN a n d a,,327,360,687,0,687
Amaravati,,,Melghat (ST),41,,23,1,2,0,3,5,Dr. H Ce him m a ot nt eN a n d a,,559,434,993,5,998
Amaravati,,,Melghat (ST),41,,23,1,1,0,2,0,Dr. H Ce him m a ot nt eN a n d a,,276,490,766,0,766
Amaravati,,,Melghat (ST),41,,23,2,0,0,2,2,Dr. H Ce him m a ot nt eN a n d a,,376,553,929,2,931
Amaravati,,,Melghat (ST),41,,23,1,1,0,2,1,Dr. H Ce him m a ot nt eN a n d a,,411,625,1036,1,1037
Amaravati,,,Melghat (ST),41,,23,1,1,0,2,0,Dr. H Ce him m a ot nt eN a n d a,,556,456,1012,0,1012
Amaravati,,,Melghat (ST),41,,24,0,0,0,0,3,Dr. H Ce him m a ot nt eN a n d a,,544,502,1046,3,1049
Amaravati,,,Melghat (ST),41,,24,0,1,0,1,0,Dr. H Ce him m a ot nt eN a n d a,,582,481,1063,0,1063
Amaravati,,,Melghat (ST),41,,24,1,1,0,2,1,Dr. H Ce him m a ot nt eN a n d a,,533,589,1122,1,1123
Amaravati,,,Melghat (ST),41,,24,0,0,0,0,1,Dr. H Ce him m a ot nt eN a n d a,,381,378,759,1,760
Amaravati,,,Melghat (ST),41,,24,3,0,0,3,1,Dr. H Ce him m a ot nt eN a n d a,,563,499,1062,1,1063
Amaravati,,,Melghat (ST),41,,24,13,1,0,14,0,Dr. H Ce him m a ot nt eN a n d a,,354,616,970,0,970
Amaravati,,,Melghat (ST),41,,24,41,0,0,41,1,Dr. H Ce him m a ot nt eN a n d a,,111,543,654,1,655
Amaravati,,,Melghat (ST),41,,24,1,0,0,1,0,Dr. H Ce him m a ot nt eN a n d a,,540,450,990,0,990
Amaravati,,,Melghat (ST),41,,24,2,0,0,2,0,Dr. H Ce him m a ot nt eN a n d a,,253,539,792,0,792
Amaravati,,,Melghat (ST),41,,24,1,1,0,2,0,Dr. H Ce him m a ot nt eN a n d a,,295,626,921,0,921
Amaravati,,,Melghat (ST),41,,24,0,0,0,0,0,Dr. H Ce him m a ot nt eN a n d a,,669,454,1123,0,1123
Amaravati,,,Melghat (ST),41,,24,0,1,0,1,0,Dr. H Ce him m a ot nt eN a n d a,,353,605,958,0,958
Amaravati,,,Melghat (ST),41,,24,1,0,0,1,0,Dr. H Ce him m a ot nt eN a n d a,,326,493,819,0,819
Amaravati,,,Melghat (ST),41,,24,19,1,0,20,4,Dr. H Ce him m a ot nt eN a n d a,,410,608,1018,4,1022
Amaravati,,,Melghat (ST),41,,25,3,0,0,3,1,Dr. H Ce him m a ot nt eN a n d a,,466,642,1108,1,1109
Amaravati,,,Melghat (ST),41,,25,6,0,0,6,0,Dr. H Ce him m a ot nt eN a n d a,,418,737,1155,0,1155
Amaravati,,,Melghat (ST),41,,25,0,1,0,1,3,Dr. H Ce him m a ot nt eN a n d a,,562,580,1142,3,1145
Amaravati,,,Melghat (ST),41,,25,0,0,0,0,0,Dr. H Ce him m a ot nt eN a n d a,,537,450,987,0,987
Amaravati,,,Melghat (ST),41,,25,2,0,0,2,0,Dr. H Ce him m a ot nt eN a n d a,,311,421,732,0,732
Amaravati,,,Melghat (ST),41,,25,30,0,0,30,2,Dr. H Ce him m a ot nt eN a n d a,,524,585,1109,2,1111
Amaravati,,,Melghat (ST),41,,25,16,0,0,16,0,Dr. H Ce him m a ot nt eN a n d a,,391,483,874,0,874
Amaravati,,,Melghat (ST),41,,25,0,0,0,0,1,Dr. H Ce him m a ot nt eN a n d a,,387,688,1075,1,1076
Amaravati,,,Melghat (ST),41,,25,0,0,0,0,1,Dr. H Ce him m a ot nt eN a n d a,,565,468,1033,1,1034
Amaravati,,,Melghat (ST),41,,25,2,0,0,2,0,Dr. H Ce him m a ot nt eN a n d a,,257,639,896,0,896
Amaravati,,,Melghat (ST),41,,25,3,0,0,3,0,Dr. H Ce him m a ot nt eN a n d a,,122,743,865,0,865
Amaravati,,,Melghat (ST),41,,25,3,0,0,3,0,Dr. H Ce him m a ot nt eN a n d a,,200,548,748,0,748
Amaravati,,,Melghat (ST),41,,25,1,0,0,1,0,Dr. H Ce him m a ot nt eN a n d a,,402,651,1053,0,1053
Amaravati,,,Melghat (ST),41,,25,0,2,0,2,0,Dr. H Ce him m a ot nt eN a n d a,,464,706,1170,0,1170
Amaravati,,,Melghat (ST),41,,26,5,1,0,6,1,Dr. H Ce him m a ot nt eN a n d a,,198,688,886,1,887
Amaravati,,,Melghat (ST),41,,26,2,0,0,2,2,Dr. H Ce him m a ot nt eN a n d a,,443,783,1226,2,1228
Amaravati,,,Melghat (ST),41,,26,0,0,0,0,2,Dr. H Ce him m a ot nt eN a n d a,,443,774,1217,2,1219
Amaravati,,,Melghat (ST),41,,26,2,2,0,4,0,Dr. H Ce him m a ot nt eN a n d a,,355,734,1089,0,1089
Amaravati,,,Melghat (ST),41,,26,1,0,0,1,3,Dr. H Ce him m a ot nt eN a n d a,,267,622,889,3,892
Amaravati,,,Melghat (ST),41,,26,46,0,0,46,0,Dr. H Ce him m a ot nt eN a n d a,,366,623,989,0,989
TOTAL,,,,,,,2426,556,0,2982,628,,,145354,131738,277092,628,277720
