District Name,District No,Jilha,Constituency Name,Constituency No,Total No. of Electors,Serial Poll,Total No. Valid Votes,No. of Rejected Votes,NOTA,Total,No. of Tendered Votes,Elected Person Name,Party Name of Elected Person,No. of Valid Votes Cast in Favour of Elected Person,Other Candidate Votes,Total EVM Votes,Total Postal ballot votes,Total Votes Polled
Gondiya,,,Arjuni Morgaon (SC),63,,1,13,14,0,27,16,B a n s o d Dili p W a m a n,,2,76,78,16,94
Gondiya,,,Arjuni Morgaon (SC),63,,1,0,0,0,0,2,B a n s o d Dili p W a m a n,,283,158,441,2,443
Gondiya,,,Arjuni Morgaon (SC),63,,2,0,1,0,1,2,B a n s o d Dili p W a m a n,,329,87,416,2,418
Gondiya,,,Arjuni Morgaon (SC),63,,3,0,0,0,0,5,B a n s o d Dili p W a m a n,,269,311,580,5,585
Gondiya,,,Arjuni Morgaon (SC),63,,4,0,4,0,4,1,B a n s o d Dili p W a m a n,,204,340,544,1,545
Gondiya,,,Arjuni Morgaon (SC),63,,5,0,3,0,3,3,B a n s o d Dili p W a m a n,,165,323,488,3,491
Gondiya,,,Arjuni Morgaon (SC),63,,6,0,1,0,1,0,B a n s o d Dili p W a m a n,,252,348,600,0,600
Gondiya,,,Arjuni Morgaon (SC),63,,7,0,0,0,0,1,B a n s o d Dili p W a m a n,,315,307,622,1,623
Gondiya,,,Arjuni Morgaon (SC),63,,8,0,4,0,4,1,B a n s o d Dili p W a m a n,,268,296,564,1,565
Gondiya,,,Arjuni Morgaon (SC),63,,9,0,0,0,0,1,B a n s o d Dili p W a m a n,,257,158,415,1,416
Gondiya,,,Arjuni Morgaon (SC),63,,10,0,3,0,3,2,B a n s o d Dili p W a m a n,,144,188,332,2,334
Gondiya,,,Arjuni Morgaon (SC),63,,11,1,2,0,3,2,B a n s o d Dili p W a m a n,,317,299,616,2,618
Gondiya,,,Arjuni Morgaon (SC),63,,12,0,1,0,1,2,B a n s o d Dili p W a m a n,,323,333,656,2,658
Gondiya,,,Arjuni Morgaon (SC),63,,13,0,3,0,3,0,B a n s o d Dili p W a m a n,,198,272,470,0,470
Gondiya,,,Arjuni Morgaon (SC),63,,14,1,16,0,17,2,B a n s o d Dili p W a m a n,,383,417,800,2,802
Gondiya,,,Arjuni Morgaon (SC),63,,15,0,2,0,2,1,B a n s o d Dili p W a m a n,,376,300,676,1,677
Gondiya,,,Arjuni Morgaon (SC),63,,16,0,0,0,0,2,B a n s o d Dili p W a m a n,,254,264,518,2,520
Gondiya,,,Arjuni Morgaon (SC),63,,17,1,0,0,1,0,B a n s o d Dili p W a m a n,,188,109,297,0,297
Gondiya,,,Arjuni Morgaon (SC),63,,18,0,1,0,1,2,B a n s o d Dili p W a m a n,,234,154,388,2,390
Gondiya,,,Arjuni Morgaon (SC),63,,19,0,0,0,0,1,B a n s o d Dili p W a m a n,,232,151,383,1,384
Gondiya,,,Arjuni Morgaon (SC),63,,20,0,4,0,4,0,B a n s o d Dili p W a m a n,,341,322,663,0,663
Gondiya,,,Arjuni Morgaon (SC),63,,21,0,2,0,2,0,B a n s o d Dili p W a m a n,,334,115,449,0,449
Gondiya,,,Arjuni Morgaon (SC),63,,22,1,0,0,1,2,B a n s o d Dili p W a m a n,,227,260,487,2,489
Gondiya,,,Arjuni Morgaon (SC),63,,23,0,0,0,0,3,B a n s o d Dili p W a m a n,,341,288,629,3,632
Gondiya,,,Arjuni Morgaon (SC),63,,24,0,0,0,0,0,B a n s o d Dili p W a m a n,,313,213,526,0,526
Gondiya,,,Arjuni Morgaon (SC),63,,25,0,0,0,0,0,B a n s o d Dili p W a m a n,,303,310,613,0,613
Gondiya,,,Arjuni Morgaon (SC),63,,26,0,2,0,2,1,B a n s o d Dili p W a m a n,,258,176,434,1,435
Gondiya,,,Arjuni Morgaon (SC),63,,27,0,2,0,2,0,B a n s o d Dili p W a m a n,,245,195,440,0,440
Gondiya,,,Arjuni Morgaon (SC),63,,28,0,0,0,0,0,B a n s o d Dili p W a m a n,,221,271,492,0,492
Gondiya,,,Arjuni Morgaon (SC),63,,1,13,14,0,27,16,B a n s o d Dili p W a m a n,,2,76,78,16,94
Gondiya,,,Arjuni Morgaon (SC),63,,29,0,2,0,2,3,B a n s o d Dili p W a m a n,,303,261,564,3,567
Gondiya,,,Arjuni Morgaon (SC),63,,30,4,400,0,404,3,B a n s o d Dili p W a m a n,,130,304,434,3,437
Gondiya,,,Arjuni Morgaon (SC),63,,31,0,6,0,6,1,B a n s o d Dili p W a m a n,,99,270,369,1,370
Gondiya,,,Arjuni Morgaon (SC),63,,32,0,20,0,20,2,B a n s o d Dili p W a m a n,,237,246,483,2,485
Gondiya,,,Arjuni Morgaon (SC),63,,33,1,18,0,19,2,B a n s o d Dili p W a m a n,,175,225,400,2,402
Gondiya,,,Arjuni Morgaon (SC),63,,34,0,0,0,0,0,B a n s o d Dili p W a m a n,,217,241,458,0,458
Gondiya,,,Arjuni Morgaon (SC),63,,35,0,0,0,0,0,B a n s o d Dili p W a m a n,,319,206,525,0,525
Gondiya,,,Arjuni Morgaon (SC),63,,36,0,1,0,1,6,B a n s o d Dili p W a m a n,,343,216,559,6,565
Gondiya,,,Arjuni Morgaon (SC),63,,37,0,0,0,0,3,B a n s o d Dili p W a m a n,,243,216,459,3,462
Gondiya,,,Arjuni Morgaon (SC),63,,38,0,1,0,1,3,B a n s o d Dili p W a m a n,,412,286,698,3,701
Gondiya,,,Arjuni Morgaon (SC),63,,39,0,3,0,3,1,B a n s o d Dili p W a m a n,,156,268,424,1,425
Gondiya,,,Arjuni Morgaon (SC),63,,40,0,0,0,0,1,B a n s o d Dili p W a m a n,,220,123,343,1,344
Gondiya,,,Arjuni Morgaon (SC),63,,41,0,7,0,7,0,B a n s o d Dili p W a m a n,,20,69,89,0,89
Gondiya,,,Arjuni Morgaon (SC),63,,42,1,1,0,2,1,B a n s o d Dili p W a m a n,,192,289,481,1,482
Gondiya,,,Arjuni Morgaon (SC),63,,43,0,3,0,3,0,B a n s o d Dili p W a m a n,,188,199,387,0,387
Gondiya,,,Arjuni Morgaon (SC),63,,44,1,6,0,7,5,B a n s o d Dili p W a m a n,,225,279,504,5,509
Gondiya,,,Arjuni Morgaon (SC),63,,45,1,39,0,40,4,B a n s o d Dili p W a m a n,,208,267,475,4,479
Gondiya,,,Arjuni Morgaon (SC),63,,46,0,0,0,0,0,B a n s o d Dili p W a m a n,,341,276,617,0,617
Gondiya,,,Arjuni Morgaon (SC),63,,47,0,9,0,9,0,B a n s o d Dili p W a m a n,,220,156,376,0,376
Gondiya,,,Arjuni Morgaon (SC),63,,48,0,13,0,13,2,B a n s o d Dili p W a m a n,,234,501,735,2,737
Gondiya,,,Arjuni Morgaon (SC),63,,49,1,12,0,13,1,B a n s o d Dili p W a m a n,,256,310,566,1,567
Gondiya,,,Arjuni Morgaon (SC),63,,50,1,0,0,1,0,B a n s o d Dili p W a m a n,,375,157,532,0,532
Gondiya,,,Arjuni Morgaon (SC),63,,51,0,5,0,5,3,B a n s o d Dili p W a m a n,,232,405,637,3,640
Gondiya,,,Arjuni Morgaon (SC),63,,52,0,4,0,4,1,B a n s o d Dili p W a m a n,,190,434,624,1,625
Gondiya,,,Arjuni Morgaon (SC),63,,53,1,0,0,1,0,B a n s o d Dili p W a m a n,,157,323,480,0,480
Gondiya,,,Arjuni Morgaon (SC),63,,54,0,11,0,11,0,B a n s o d Dili p W a m a n,,186,266,452,0,452
Gondiya,,,Arjuni Morgaon (SC),63,,55,1,15,0,16,8,B a n s o d Dili p W a m a n,,381,240,621,8,629
Gondiya,,,Arjuni Morgaon (SC),63,,56,1,18,0,19,2,B a n s o d Dili p W a m a n,,379,533,912,2,914
Gondiya,,,Arjuni Morgaon (SC),63,,1,13,14,0,27,16,B a n s o d Dili p W a m a n,,2,76,78,16,94
Gondiya,,,Arjuni Morgaon (SC),63,,57,0,2,0,2,2,B a n s o d Dili p W a m a n,,276,453,729,2,731
Gondiya,,,Arjuni Morgaon (SC),63,,58,1,3,0,4,0,B a n s o d Dili p W a m a n,,98,348,446,0,446
Gondiya,,,Arjuni Morgaon (SC),63,,59,1,2,0,3,2,B a n s o d Dili p W a m a n,,563,204,767,2,769
Gondiya,,,Arjuni Morgaon (SC),63,,60,1,2,0,3,2,B a n s o d Dili p W a m a n,,379,240,619,2,621
Gondiya,,,Arjuni Morgaon (SC),63,,61,0,1,0,1,7,B a n s o d Dili p W a m a n,,227,304,531,7,538
Gondiya,,,Arjuni Morgaon (SC),63,,62,1,1,0,2,1,B a n s o d Dili p W a m a n,,137,296,433,1,434
Gondiya,,,Arjuni Morgaon (SC),63,,63,1,4,0,5,4,B a n s o d Dili p W a m a n,,195,441,636,4,640
Gondiya,,,Arjuni Morgaon (SC),63,,64,0,0,0,0,2,B a n s o d Dili p W a m a n,,184,237,421,2,423
Gondiya,,,Arjuni Morgaon (SC),63,,65,0,1,0,1,2,B a n s o d Dili p W a m a n,,260,379,639,2,641
Gondiya,,,Arjuni Morgaon (SC),63,,66,3,2,0,5,1,B a n s o d Dili p W a m a n,,417,428,845,1,846
Gondiya,,,Arjuni Morgaon (SC),63,,67,2,0,0,2,2,B a n s o d Dili p W a m a n,,267,361,628,2,630
Gondiya,,,Arjuni Morgaon (SC),63,,68,0,2,0,2,3,B a n s o d Dili p W a m a n,,315,347,662,3,665
Gondiya,,,Arjuni Morgaon (SC),63,,69,1,3,0,4,8,B a n s o d Dili p W a m a n,,283,397,680,8,688
Gondiya,,,Arjuni Morgaon (SC),63,,70,0,1,0,1,0,B a n s o d Dili p W a m a n,,277,349,626,0,626
Gondiya,,,Arjuni Morgaon (SC),63,,71,0,1,0,1,0,B a n s o d Dili p W a m a n,,349,161,510,0,510
Gondiya,,,Arjuni Morgaon (SC),63,,72,1,0,0,1,1,B a n s o d Dili p W a m a n,,201,501,702,1,703
Gondiya,,,Arjuni Morgaon (SC),63,,73,0,0,0,0,0,B a n s o d Dili p W a m a n,,58,272,330,0,330
Gondiya,,,Arjuni Morgaon (SC),63,,74,1,0,0,1,0,B a n s o d Dili p W a m a n,,252,187,439,0,439
Gondiya,,,Arjuni Morgaon (SC),63,,75,1,7,0,8,43,B a n s o d Dili p W a m a n,,194,510,704,43,747
Gondiya,,,Arjuni Morgaon (SC),63,,76,3,5,0,8,11,B a n s o d Dili p W a m a n,,134,578,712,11,723
Gondiya,,,Arjuni Morgaon (SC),63,,77,1,0,0,1,3,B a n s o d Dili p W a m a n,,332,519,851,3,854
Gondiya,,,Arjuni Morgaon (SC),63,,78,0,6,0,6,2,B a n s o d Dili p W a m a n,,204,413,617,2,619
Gondiya,,,Arjuni Morgaon (SC),63,,79,0,0,0,0,1,B a n s o d Dili p W a m a n,,294,353,647,1,648
Gondiya,,,Arjuni Morgaon (SC),63,,80,0,1,0,1,1,B a n s o d Dili p W a m a n,,283,356,639,1,640
Gondiya,,,Arjuni Morgaon (SC),63,,81,0,1,0,1,1,B a n s o d Dili p W a m a n,,355,332,687,1,688
Gondiya,,,Arjuni Morgaon (SC),63,,82,0,0,0,0,0,B a n s o d Dili p W a m a n,,246,253,499,0,499
Gondiya,,,Arjuni Morgaon (SC),63,,83,0,3,0,3,1,B a n s o d Dili p W a m a n,,290,208,498,1,499
Gondiya,,,Arjuni Morgaon (SC),63,,84,1,1,0,2,0,B a n s o d Dili p W a m a n,,334,388,722,0,722
Gondiya,,,Arjuni Morgaon (SC),63,,1,13,14,0,27,16,B a n s o d Dili p W a m a n,,2,76,78,16,94
Gondiya,,,Arjuni Morgaon (SC),63,,85,0,0,0,0,4,B a n s o d Dili p W a m a n,,332,396,728,4,732
Gondiya,,,Arjuni Morgaon (SC),63,,86,0,0,0,0,5,B a n s o d Dili p W a m a n,,201,240,441,5,446
Gondiya,,,Arjuni Morgaon (SC),63,,87,0,1,0,1,1,B a n s o d Dili p W a m a n,,107,349,456,1,457
Gondiya,,,Arjuni Morgaon (SC),63,,88,0,0,0,0,1,B a n s o d Dili p W a m a n,,439,310,749,1,750
Gondiya,,,Arjuni Morgaon (SC),63,,89,1,2,0,3,4,B a n s o d Dili p W a m a n,,206,597,803,4,807
Gondiya,,,Arjuni Morgaon (SC),63,,90,0,0,0,0,1,B a n s o d Dili p W a m a n,,80,232,312,1,313
Gondiya,,,Arjuni Morgaon (SC),63,,91,0,2,0,2,1,B a n s o d Dili p W a m a n,,152,406,558,1,559
Gondiya,,,Arjuni Morgaon (SC),63,,92,0,3,0,3,6,B a n s o d Dili p W a m a n,,168,397,565,6,571
Gondiya,,,Arjuni Morgaon (SC),63,,93,0,1,0,1,3,B a n s o d Dili p W a m a n,,245,321,566,3,569
Gondiya,,,Arjuni Morgaon (SC),63,,94,1,0,0,1,3,B a n s o d Dili p W a m a n,,274,403,677,3,680
Gondiya,,,Arjuni Morgaon (SC),63,,95,0,0,0,0,2,B a n s o d Dili p W a m a n,,195,327,522,2,524
Gondiya,,,Arjuni Morgaon (SC),63,,96,0,1,0,1,3,B a n s o d Dili p W a m a n,,279,356,635,3,638
Gondiya,,,Arjuni Morgaon (SC),63,,97,0,0,0,0,1,B a n s o d Dili p W a m a n,,166,308,474,1,475
Gondiya,,,Arjuni Morgaon (SC),63,,98,0,1,0,1,2,B a n s o d Dili p W a m a n,,184,377,561,2,563
Gondiya,,,Arjuni Morgaon (SC),63,,99,0,1,0,1,2,B a n s o d Dili p W a m a n,,167,383,550,2,552
Gondiya,,,Arjuni Morgaon (SC),63,,100,0,1,0,1,2,B a n s o d Dili p W a m a n,,378,462,840,2,842
Gondiya,,,Arjuni Morgaon (SC),63,,101,0,0,0,0,0,B a n s o d Dili p W a m a n,,299,316,615,0,615
Gondiya,,,Arjuni Morgaon (SC),63,,102,1,0,0,1,0,B a n s o d Dili p W a m a n,,151,462,613,0,613
Gondiya,,,Arjuni Morgaon (SC),63,,103,0,1,0,1,5,B a n s o d Dili p W a m a n,,214,333,547,5,552
Gondiya,,,Arjuni Morgaon (SC),63,,104,2,0,0,2,6,B a n s o d Dili p W a m a n,,139,318,457,6,463
Gondiya,,,Arjuni Morgaon (SC),63,,105,0,1,0,1,18,B a n s o d Dili p W a m a n,,220,360,580,18,598
Gondiya,,,Arjuni Morgaon (SC),63,,106,1,1,0,2,3,B a n s o d Dili p W a m a n,,157,508,665,3,668
Gondiya,,,Arjuni Morgaon (SC),63,,107,1,1,0,2,8,B a n s o d Dili p W a m a n,,171,535,706,8,714
Gondiya,,,Arjuni Morgaon (SC),63,,108,0,4,0,4,11,B a n s o d Dili p W a m a n,,121,386,507,11,518
Gondiya,,,Arjuni Morgaon (SC),63,,109,2,2,0,4,4,B a n s o d Dili p W a m a n,,261,376,637,4,641
Gondiya,,,Arjuni Morgaon (SC),63,,110,0,2,0,2,12,B a n s o d Dili p W a m a n,,152,317,469,12,481
Gondiya,,,Arjuni Morgaon (SC),63,,111,1,1,0,2,3,B a n s o d Dili p W a m a n,,553,387,940,3,943
Gondiya,,,Arjuni Morgaon (SC),63,,112,1,1,0,2,5,B a n s o d Dili p W a m a n,,346,248,594,5,599
Gondiya,,,Arjuni Morgaon (SC),63,,1,13,14,0,27,16,B a n s o d Dili p W a m a n,,2,76,78,16,94
Gondiya,,,Arjuni Morgaon (SC),63,,113,1,0,0,1,4,B a n s o d Dili p W a m a n,,340,486,826,4,830
Gondiya,,,Arjuni Morgaon (SC),63,,114,1,0,0,1,1,B a n s o d Dili p W a m a n,,438,468,906,1,907
Gondiya,,,Arjuni Morgaon (SC),63,,115,1,0,0,1,0,B a n s o d Dili p W a m a n,,230,372,602,0,602
Gondiya,,,Arjuni Morgaon (SC),63,,116,0,1,0,1,0,B a n s o d Dili p W a m a n,,177,466,643,0,643
Gondiya,,,Arjuni Morgaon (SC),63,,117,0,0,0,0,3,B a n s o d Dili p W a m a n,,295,475,770,3,773
Gondiya,,,Arjuni Morgaon (SC),63,,118,0,0,0,0,0,B a n s o d Dili p W a m a n,,488,331,819,0,819
Gondiya,,,Arjuni Morgaon (SC),63,,119,0,1,0,1,1,B a n s o d Dili p W a m a n,,239,371,610,1,611
Gondiya,,,Arjuni Morgaon (SC),63,,120,0,1,0,1,0,B a n s o d Dili p W a m a n,,234,329,563,0,563
Gondiya,,,Arjuni Morgaon (SC),63,,121,0,0,0,0,3,B a n s o d Dili p W a m a n,,279,341,620,3,623
Gondiya,,,Arjuni Morgaon (SC),63,,122,0,2,0,2,1,B a n s o d Dili p W a m a n,,194,339,533,1,534
Gondiya,,,Arjuni Morgaon (SC),63,,123,0,1,0,1,4,B a n s o d Dili p W a m a n,,222,216,438,4,442
Gondiya,,,Arjuni Morgaon (SC),63,,124,3,1,0,4,4,B a n s o d Dili p W a m a n,,396,430,826,4,830
Gondiya,,,Arjuni Morgaon (SC),63,,125,2,4,0,6,2,B a n s o d Dili p W a m a n,,368,600,968,2,970
Gondiya,,,Arjuni Morgaon (SC),63,,126,0,3,0,3,4,B a n s o d Dili p W a m a n,,376,556,932,4,936
Gondiya,,,Arjuni Morgaon (SC),63,,127,0,4,0,4,3,B a n s o d Dili p W a m a n,,308,457,765,3,768
Gondiya,,,Arjuni Morgaon (SC),63,,128,1,1,0,2,0,B a n s o d Dili p W a m a n,,397,331,728,0,728
Gondiya,,,Arjuni Morgaon (SC),63,,129,1,1,0,2,2,B a n s o d Dili p W a m a n,,388,453,841,2,843
Gondiya,,,Arjuni Morgaon (SC),63,,130,1,3,0,4,4,B a n s o d Dili p W a m a n,,346,532,878,4,882
Gondiya,,,Arjuni Morgaon (SC),63,,131,0,0,0,0,1,B a n s o d Dili p W a m a n,,277,559,836,1,837
Gondiya,,,Arjuni Morgaon (SC),63,,132,1,1,0,2,1,B a n s o d Dili p W a m a n,,324,590,914,1,915
Gondiya,,,Arjuni Morgaon (SC),63,,133,0,0,0,0,4,B a n s o d Dili p W a m a n,,130,205,335,4,339
Gondiya,,,Arjuni Morgaon (SC),63,,134,0,2,0,2,2,B a n s o d Dili p W a m a n,,178,359,537,2,539
Gondiya,,,Arjuni Morgaon (SC),63,,135,0,0,0,0,3,B a n s o d Dili p W a m a n,,103,362,465,3,468
Gondiya,,,Arjuni Morgaon (SC),63,,136,1,1,0,2,8,B a n s o d Dili p W a m a n,,254,463,717,8,725
Gondiya,,,Arjuni Morgaon (SC),63,,137,1,8,0,9,13,B a n s o d Dili p W a m a n,,203,496,699,13,712
Gondiya,,,Arjuni Morgaon (SC),63,,138,1,1,0,2,3,B a n s o d Dili p W a m a n,,142,397,539,3,542
Gondiya,,,Arjuni Morgaon (SC),63,,139,2,2,0,4,2,B a n s o d Dili p W a m a n,,165,363,528,2,530
Gondiya,,,Arjuni Morgaon (SC),63,,140,1,0,0,1,3,B a n s o d Dili p W a m a n,,305,369,674,3,677
Gondiya,,,Arjuni Morgaon (SC),63,,1,13,14,0,27,16,B a n s o d Dili p W a m a n,,2,76,78,16,94
Gondiya,,,Arjuni Morgaon (SC),63,,141,2,0,0,2,0,B a n s o d Dili p W a m a n,,340,370,710,0,710
Gondiya,,,Arjuni Morgaon (SC),63,,142,0,1,0,1,2,B a n s o d Dili p W a m a n,,361,373,734,2,736
Gondiya,,,Arjuni Morgaon (SC),63,,143,0,0,0,0,0,B a n s o d Dili p W a m a n,,329,323,652,0,652
Gondiya,,,Arjuni Morgaon (SC),63,,144,1,1,0,2,0,B a n s o d Dili p W a m a n,,307,470,777,0,777
Gondiya,,,Arjuni Morgaon (SC),63,,145,1,2,0,3,1,B a n s o d Dili p W a m a n,,130,459,589,1,590
Gondiya,,,Arjuni Morgaon (SC),63,,146,1,2,0,3,5,B a n s o d Dili p W a m a n,,301,453,754,5,759
Gondiya,,,Arjuni Morgaon (SC),63,,147,0,0,0,0,0,B a n s o d Dili p W a m a n,,310,369,679,0,679
Gondiya,,,Arjuni Morgaon (SC),63,,148,1,0,0,1,2,B a n s o d Dili p W a m a n,,419,391,810,2,812
Gondiya,,,Arjuni Morgaon (SC),63,,149,1,0,0,1,0,B a n s o d Dili p W a m a n,,229,340,569,0,569
Gondiya,,,Arjuni Morgaon (SC),63,,150,0,0,0,0,0,B a n s o d Dili p W a m a n,,186,368,554,0,554
Gondiya,,,Arjuni Morgaon (SC),63,,151,2,0,0,2,2,B a n s o d Dili p W a m a n,,155,394,549,2,551
Gondiya,,,Arjuni Morgaon (SC),63,,152,0,1,0,1,0,B a n s o d Dili p W a m a n,,188,344,532,0,532
Gondiya,,,Arjuni Morgaon (SC),63,,153,0,0,0,0,1,B a n s o d Dili p W a m a n,,306,357,663,1,664
Gondiya,,,Arjuni Morgaon (SC),63,,154,1,0,0,1,0,B a n s o d Dili p W a m a n,,251,464,715,0,715
Gondiya,,,Arjuni Morgaon (SC),63,,155,1,0,0,1,0,B a n s o d Dili p W a m a n,,315,523,838,0,838
Gondiya,,,Arjuni Morgaon (SC),63,,156,0,0,0,0,0,B a n s o d Dili p W a m a n,,283,459,742,0,742
Gondiya,,,Arjuni Morgaon (SC),63,,157,0,0,0,0,3,B a n s o d Dili p W a m a n,,167,390,557,3,560
Gondiya,,,Arjuni Morgaon (SC),63,,158,2,1,0,3,13,B a n s o d Dili p W a m a n,,210,383,593,13,606
Gondiya,,,Arjuni Morgaon (SC),63,,159,0,1,0,1,1,B a n s o d Dili p W a m a n,,329,349,678,1,679
Gondiya,,,Arjuni Morgaon (SC),63,,160,0,0,0,0,0,B a n s o d Dili p W a m a n,,101,383,484,0,484
Gondiya,,,Arjuni Morgaon (SC),63,,161,0,0,0,0,0,B a n s o d Dili p W a m a n,,237,247,484,0,484
Gondiya,,,Arjuni Morgaon (SC),63,,162,2,1,0,3,6,B a n s o d Dili p W a m a n,,349,466,815,6,821
Gondiya,,,Arjuni Morgaon (SC),63,,163,0,0,0,0,5,B a n s o d Dili p W a m a n,,372,406,778,5,783
Gondiya,,,Arjuni Morgaon (SC),63,,164,1,4,0,5,1,B a n s o d Dili p W a m a n,,304,574,878,1,879
Gondiya,,,Arjuni Morgaon (SC),63,,165,1,4,0,5,6,B a n s o d Dili p W a m a n,,418,419,837,6,843
Gondiya,,,Arjuni Morgaon (SC),63,,166,0,0,0,0,3,B a n s o d Dili p W a m a n,,281,521,802,3,805
Gondiya,,,Arjuni Morgaon (SC),63,,167,0,1,0,1,2,B a n s o d Dili p W a m a n,,327,639,966,2,968
Gondiya,,,Arjuni Morgaon (SC),63,,168,0,0,0,0,1,B a n s o d Dili p W a m a n,,281,557,838,1,839
Gondiya,,,Arjuni Morgaon (SC),63,,1,13,14,0,27,16,B a n s o d Dili p W a m a n,,2,76,78,16,94
Gondiya,,,Arjuni Morgaon (SC),63,,169,1,0,0,1,0,B a n s o d Dili p W a m a n,,238,479,717,0,717
Gondiya,,,Arjuni Morgaon (SC),63,,170,2,1,0,3,2,B a n s o d Dili p W a m a n,,505,473,978,2,980
Gondiya,,,Arjuni Morgaon (SC),63,,171,0,1,0,1,3,B a n s o d Dili p W a m a n,,158,582,740,3,743
Gondiya,,,Arjuni Morgaon (SC),63,,172,4,2,0,6,3,B a n s o d Dili p W a m a n,,121,471,592,3,595
Gondiya,,,Arjuni Morgaon (SC),63,,173,1,0,0,1,0,B a n s o d Dili p W a m a n,,298,357,655,0,655
Gondiya,,,Arjuni Morgaon (SC),63,,174,0,2,0,2,3,B a n s o d Dili p W a m a n,,294,409,703,3,706
Gondiya,,,Arjuni Morgaon (SC),63,,175,0,1,0,1,0,B a n s o d Dili p W a m a n,,414,675,1089,0,1089
Gondiya,,,Arjuni Morgaon (SC),63,,176,0,0,0,0,0,B a n s o d Dili p W a m a n,,207,620,827,0,827
Gondiya,,,Arjuni Morgaon (SC),63,,177,1,1,0,2,3,B a n s o d Dili p W a m a n,,277,578,855,3,858
Gondiya,,,Arjuni Morgaon (SC),63,,178,1,2,0,3,2,B a n s o d Dili p W a m a n,,320,579,899,2,901
Gondiya,,,Arjuni Morgaon (SC),63,,179,0,0,0,0,1,B a n s o d Dili p W a m a n,,184,479,663,1,664
Gondiya,,,Arjuni Morgaon (SC),63,,180,0,2,0,2,2,B a n s o d Dili p W a m a n,,168,469,637,2,639
Gondiya,,,Arjuni Morgaon (SC),63,,181,1,0,0,1,0,B a n s o d Dili p W a m a n,,214,403,617,0,617
Gondiya,,,Arjuni Morgaon (SC),63,,182,11,0,0,11,1,B a n s o d Dili p W a m a n,,360,559,919,1,920
Gondiya,,,Arjuni Morgaon (SC),63,,183,2,1,0,3,6,B a n s o d Dili p W a m a n,,208,472,680,6,686
Gondiya,,,Arjuni Morgaon (SC),63,,184,0,0,0,0,0,B a n s o d Dili p W a m a n,,267,308,575,0,575
Gondiya,,,Arjuni Morgaon (SC),63,,185,0,0,0,0,1,B a n s o d Dili p W a m a n,,397,619,1016,1,1017
Gondiya,,,Arjuni Morgaon (SC),63,,186,0,0,0,0,1,B a n s o d Dili p W a m a n,,179,388,567,1,568
Gondiya,,,Arjuni Morgaon (SC),63,,187,0,1,0,1,6,B a n s o d Dili p W a m a n,,232,443,675,6,681
Gondiya,,,Arjuni Morgaon (SC),63,,188,2,0,0,2,1,B a n s o d Dili p W a m a n,,357,544,901,1,902
Gondiya,,,Arjuni Morgaon (SC),63,,189,0,0,0,0,1,B a n s o d Dili p W a m a n,,277,569,846,1,847
Gondiya,,,Arjuni Morgaon (SC),63,,190,3,0,0,3,1,B a n s o d Dili p W a m a n,,272,542,814,1,815
Gondiya,,,Arjuni Morgaon (SC),63,,191,0,1,0,1,4,B a n s o d Dili p W a m a n,,130,586,716,4,720
Gondiya,,,Arjuni Morgaon (SC),63,,192,0,1,0,1,1,B a n s o d Dili p W a m a n,,272,343,615,1,616
Gondiya,,,Arjuni Morgaon (SC),63,,193,2,0,0,2,0,B a n s o d Dili p W a m a n,,215,566,781,0,781
Gondiya,,,Arjuni Morgaon (SC),63,,194,1,0,0,1,0,B a n s o d Dili p W a m a n,,339,454,793,0,793
Gondiya,,,Arjuni Morgaon (SC),63,,195,2,1,0,3,0,B a n s o d Dili p W a m a n,,323,634,957,0,957
Gondiya,,,Arjuni Morgaon (SC),63,,196,2,1,0,3,1,B a n s o d Dili p W a m a n,,226,617,843,1,844
Gondiya,,,Arjuni Morgaon (SC),63,,1,13,14,0,27,16,B a n s o d Dili p W a m a n,,2,76,78,16,94
Gondiya,,,Arjuni Morgaon (SC),63,,197,1,0,0,1,1,B a n s o d Dili p W a m a n,,394,525,919,1,920
Gondiya,,,Arjuni Morgaon (SC),63,,198,1,1,0,2,0,B a n s o d Dili p W a m a n,,253,656,909,0,909
Gondiya,,,Arjuni Morgaon (SC),63,,199,0,0,0,0,1,B a n s o d Dili p W a m a n,,161,328,489,1,490
Gondiya,,,Arjuni Morgaon (SC),63,,200,0,1,0,1,2,B a n s o d Dili p W a m a n,,110,664,774,2,776
Gondiya,,,Arjuni Morgaon (SC),63,,201,0,2,0,2,4,B a n s o d Dili p W a m a n,,270,729,999,4,1003
Gondiya,,,Arjuni Morgaon (SC),63,,202,3,0,0,3,6,B a n s o d Dili p W a m a n,,240,539,779,6,785
Gondiya,,,Arjuni Morgaon (SC),63,,203,2,0,0,2,2,B a n s o d Dili p W a m a n,,346,587,933,2,935
Gondiya,,,Arjuni Morgaon (SC),63,,204,1,0,0,1,3,B a n s o d Dili p W a m a n,,370,481,851,3,854
Gondiya,,,Arjuni Morgaon (SC),63,,205,0,0,0,0,0,B a n s o d Dili p W a m a n,,139,375,514,0,514
Gondiya,,,Arjuni Morgaon (SC),63,,206,1,1,0,2,0,B a n s o d Dili p W a m a n,,134,484,618,0,618
Gondiya,,,Arjuni Morgaon (SC),63,,207,0,4,0,4,3,B a n s o d Dili p W a m a n,,298,566,864,3,867
Gondiya,,,Arjuni Morgaon (SC),63,,208,0,1,0,1,4,B a n s o d Dili p W a m a n,,296,589,885,4,889
Gondiya,,,Arjuni Morgaon (SC),63,,209,1,4,0,5,3,B a n s o d Dili p W a m a n,,219,445,664,3,667
Gondiya,,,Arjuni Morgaon (SC),63,,210,2,0,0,2,7,B a n s o d Dili p W a m a n,,371,583,954,7,961
Gondiya,,,Arjuni Morgaon (SC),63,,211,0,0,0,0,0,B a n s o d Dili p W a m a n,,193,427,620,0,620
Gondiya,,,Arjuni Morgaon (SC),63,,212,1,5,0,6,3,B a n s o d Dili p W a m a n,,294,460,754,3,757
Gondiya,,,Arjuni Morgaon (SC),63,,213,0,2,0,2,4,B a n s o d Dili p W a m a n,,234,596,830,4,834
Gondiya,,,Arjuni Morgaon (SC),63,,214,1,1,0,2,1,B a n s o d Dili p W a m a n,,219,599,818,1,819
Gondiya,,,Arjuni Morgaon (SC),63,,215,0,2,0,2,8,B a n s o d Dili p W a m a n,,128,488,616,8,624
Gondiya,,,Arjuni Morgaon (SC),63,,216,0,0,0,0,1,B a n s o d Dili p W a m a n,,218,384,602,1,603
Gondiya,,,Arjuni Morgaon (SC),63,,217,0,1,0,1,0,B a n s o d Dili p W a m a n,,299,516,815,0,815
Gondiya,,,Arjuni Morgaon (SC),63,,218,0,3,0,3,1,B a n s o d Dili p W a m a n,,231,669,900,1,901
Gondiya,,,Arjuni Morgaon (SC),63,,219,0,2,0,2,23,B a n s o d Dili p W a m a n,,337,513,850,23,873
Gondiya,,,Arjuni Morgaon (SC),63,,220,2,1,0,3,53,B a n s o d Dili p W a m a n,,286,492,778,53,831
Gondiya,,,Arjuni Morgaon (SC),63,,221,1,2,0,3,0,B a n s o d Dili p W a m a n,,211,500,711,0,711
Gondiya,,,Arjuni Morgaon (SC),63,,222,2,1,0,3,3,B a n s o d Dili p W a m a n,,176,497,673,3,676
Gondiya,,,Arjuni Morgaon (SC),63,,223,1,0,0,1,3,B a n s o d Dili p W a m a n,,282,641,923,3,926
Gondiya,,,Arjuni Morgaon (SC),63,,224,3,2,0,5,4,B a n s o d Dili p W a m a n,,170,746,916,4,920
Gondiya,,,Arjuni Morgaon (SC),63,,1,13,14,0,27,16,B a n s o d Dili p W a m a n,,2,76,78,16,94
Gondiya,,,Arjuni Morgaon (SC),63,,225,2,5,0,7,2,B a n s o d Dili p W a m a n,,350,637,987,2,989
Gondiya,,,Arjuni Morgaon (SC),63,,226,0,0,0,0,1,B a n s o d Dili p W a m a n,,229,477,706,1,707
Gondiya,,,Arjuni Morgaon (SC),63,,227,0,3,0,3,6,B a n s o d Dili p W a m a n,,284,551,835,6,841
Gondiya,,,Arjuni Morgaon (SC),63,,228,4,0,0,4,6,B a n s o d Dili p W a m a n,,214,633,847,6,853
Gondiya,,,Arjuni Morgaon (SC),63,,229,2,0,0,2,3,B a n s o d Dili p W a m a n,,79,651,730,3,733
Gondiya,,,Arjuni Morgaon (SC),63,,230,0,1,0,1,7,B a n s o d Dili p W a m a n,,64,455,519,7,526
Gondiya,,,Arjuni Morgaon (SC),63,,231,0,1,0,1,1,B a n s o d Dili p W a m a n,,224,528,752,1,753
Gondiya,,,Arjuni Morgaon (SC),63,,232,1,0,0,1,5,B a n s o d Dili p W a m a n,,199,757,956,5,961
Gondiya,,,Arjuni Morgaon (SC),63,,233,0,10,0,10,22,B a n s o d Dili p W a m a n,,215,697,912,22,934
Gondiya,,,Arjuni Morgaon (SC),63,,234,6,11,0,17,7,B a n s o d Dili p W a m a n,,377,689,1066,7,1073
Gondiya,,,Arjuni Morgaon (SC),63,,235,0,2,0,2,1,B a n s o d Dili p W a m a n,,278,707,985,1,986
Gondiya,,,Arjuni Morgaon (SC),63,,236,1,0,0,1,4,B a n s o d Dili p W a m a n,,323,627,950,4,954
Gondiya,,,Arjuni Morgaon (SC),63,,237,6,3,0,9,3,B a n s o d Dili p W a m a n,,330,716,1046,3,1049
Gondiya,,,Arjuni Morgaon (SC),63,,238,10,5,0,15,7,B a n s o d Dili p W a m a n,,79,662,741,7,748
Gondiya,,,Arjuni Morgaon (SC),63,,239,3,2,0,5,8,B a n s o d Dili p W a m a n,,211,502,713,8,721
Gondiya,,,Arjuni Morgaon (SC),63,,240,0,0,0,0,7,B a n s o d Dili p W a m a n,,230,568,798,7,805
Gondiya,,,Arjuni Morgaon (SC),63,,241,2,4,0,6,7,B a n s o d Dili p W a m a n,,397,790,1187,7,1194
Gondiya,,,Arjuni Morgaon (SC),63,,242,2,2,0,4,1,B a n s o d Dili p W a m a n,,201,440,641,1,642
Gondiya,,,Arjuni Morgaon (SC),63,,243,2,0,0,2,0,B a n s o d Dili p W a m a n,,251,493,744,0,744
Gondiya,,,Arjuni Morgaon (SC),63,,244,2,1,0,3,4,B a n s o d Dili p W a m a n,,102,496,598,4,602
Gondiya,,,Arjuni Morgaon (SC),63,,245,15,1,0,16,0,B a n s o d Dili p W a m a n,,150,554,704,0,704
Gondiya,,,Arjuni Morgaon (SC),63,,246,35,0,0,35,5,B a n s o d Dili p W a m a n,,283,673,956,5,961
Gondiya,,,Arjuni Morgaon (SC),63,,247,21,0,0,21,0,B a n s o d Dili p W a m a n,,266,564,830,0,830
Gondiya,,,Arjuni Morgaon (SC),63,,248,10,0,0,10,1,B a n s o d Dili p W a m a n,,382,560,942,1,943
Gondiya,,,Arjuni Morgaon (SC),63,,249,16,1,0,17,2,B a n s o d Dili p W a m a n,,281,685,966,2,968
Gondiya,,,Arjuni Morgaon (SC),63,,250,17,0,0,17,1,B a n s o d Dili p W a m a n,,283,645,928,1,929
Gondiya,,,Arjuni Morgaon (SC),63,,251,15,1,0,16,2,B a n s o d Dili p W a m a n,,193,587,780,2,782
Gondiya,,,Arjuni Morgaon (SC),63,,252,3,0,0,3,0,B a n s o d Dili p W a m a n,,122,503,625,0,625
Gondiya,,,Arjuni Morgaon (SC),63,,1,13,14,0,27,16,B a n s o d Dili p W a m a n,,2,76,78,16,94
Gondiya,,,Arjuni Morgaon (SC),63,,253,10,1,0,11,0,B a n s o d Dili p W a m a n,,172,532,704,0,704
Gondiya,,,Arjuni Morgaon (SC),63,,254,5,3,0,8,3,B a n s o d Dili p W a m a n,,217,575,792,3,795
Gondiya,,,Arjuni Morgaon (SC),63,,255,3,0,0,3,1,B a n s o d Dili p W a m a n,,244,490,734,1,735
Gondiya,,,Arjuni Morgaon (SC),63,,256,1,1,0,2,0,B a n s o d Dili p W a m a n,,169,573,742,0,742
Gondiya,,,Arjuni Morgaon (SC),63,,257,2,2,0,4,2,B a n s o d Dili p W a m a n,,189,508,697,2,699
Gondiya,,,Arjuni Morgaon (SC),63,,258,1,2,0,3,1,B a n s o d Dili p W a m a n,,223,729,952,1,953
Gondiya,,,Arjuni Morgaon (SC),63,,259,0,2,0,2,2,B a n s o d Dili p W a m a n,,240,801,1041,2,1043
Gondiya,,,Arjuni Morgaon (SC),63,,260,2,0,0,2,1,B a n s o d Dili p W a m a n,,260,373,633,1,634
Gondiya,,,Arjuni Morgaon (SC),63,,261,2,1,0,3,1,B a n s o d Dili p W a m a n,,179,482,661,1,662
Gondiya,,,Arjuni Morgaon (SC),63,,262,1,1,0,2,3,B a n s o d Dili p W a m a n,,177,683,860,3,863
Gondiya,,,Arjuni Morgaon (SC),63,,263,0,2,0,2,2,B a n s o d Dili p W a m a n,,284,550,834,2,836
Gondiya,,,Arjuni Morgaon (SC),63,,264,2,0,0,2,0,B a n s o d Dili p W a m a n,,278,596,874,0,874
Gondiya,,,Arjuni Morgaon (SC),63,,265,0,2,0,2,3,B a n s o d Dili p W a m a n,,227,666,893,3,896
Gondiya,,,Arjuni Morgaon (SC),63,,266,0,1,0,1,0,B a n s o d Dili p W a m a n,,217,677,894,0,894
Gondiya,,,Arjuni Morgaon (SC),63,,267,0,0,0,0,1,B a n s o d Dili p W a m a n,,173,418,591,1,592
Gondiya,,,Arjuni Morgaon (SC),63,,268,5,0,0,5,0,B a n s o d Dili p W a m a n,,236,526,762,0,762
Gondiya,,,Arjuni Morgaon (SC),63,,269,0,0,0,0,1,B a n s o d Dili p W a m a n,,239,571,810,1,811
Gondiya,,,Arjuni Morgaon (SC),63,,270,5,0,0,5,0,B a n s o d Dili p W a m a n,,346,494,840,0,840
Gondiya,,,Arjuni Morgaon (SC),63,,271,3,2,0,5,3,B a n s o d Dili p W a m a n,,515,578,1093,3,1096
Gondiya,,,Arjuni Morgaon (SC),63,,272,1,8,0,9,3,B a n s o d Dili p W a m a n,,218,640,858,3,861
Gondiya,,,Arjuni Morgaon (SC),63,,273,1,0,0,1,0,B a n s o d Dili p W a m a n,,185,483,668,0,668
Gondiya,,,Arjuni Morgaon (SC),63,,274,0,1,0,1,1,B a n s o d Dili p W a m a n,,269,570,839,1,840
Gondiya,,,Arjuni Morgaon (SC),63,,275,0,4,0,4,2,B a n s o d Dili p W a m a n,,233,604,837,2,839
Gondiya,,,Arjuni Morgaon (SC),63,,276,0,2,0,2,2,B a n s o d Dili p W a m a n,,330,801,1131,2,1133
Gondiya,,,Arjuni Morgaon (SC),63,,277,0,3,0,3,4,B a n s o d Dili p W a m a n,,167,728,895,4,899
Gondiya,,,Arjuni Morgaon (SC),63,,278,1,0,0,1,4,B a n s o d Dili p W a m a n,,206,590,796,4,800
Gondiya,,,Arjuni Morgaon (SC),63,,279,0,1,0,1,6,B a n s o d Dili p W a m a n,,77,689,766,6,772
Gondiya,,,Arjuni Morgaon (SC),63,,280,0,1,0,1,2,B a n s o d Dili p W a m a n,,178,699,877,2,879
Gondiya,,,Arjuni Morgaon (SC),63,,1,13,14,0,27,16,B a n s o d Dili p W a m a n,,2,76,78,16,94
Gondiya,,,Arjuni Morgaon (SC),63,,281,0,0,0,0,5,B a n s o d Dili p W a m a n,,187,550,737,5,742
Gondiya,,,Arjuni Morgaon (SC),63,,282,1,11,0,12,1,B a n s o d Dili p W a m a n,,236,679,915,1,916
Gondiya,,,Arjuni Morgaon (SC),63,,283,0,0,0,0,0,B a n s o d Dili p W a m a n,,172,416,588,0,588
Gondiya,,,Arjuni Morgaon (SC),63,,284,0,0,0,0,4,B a n s o d Dili p W a m a n,,179,472,651,4,655
Gondiya,,,Arjuni Morgaon (SC),63,,285,0,1,0,1,0,B a n s o d Dili p W a m a n,,87,374,461,0,461
Gondiya,,,Arjuni Morgaon (SC),63,,286,6,5,0,11,9,B a n s o d Dili p W a m a n,,212,780,992,9,1001
Gondiya,,,Arjuni Morgaon (SC),63,,287,2,1,0,3,7,B a n s o d Dili p W a m a n,,302,412,714,7,721
Gondiya,,,Arjuni Morgaon (SC),63,,288,0,4,0,4,4,B a n s o d Dili p W a m a n,,336,689,1025,4,1029
Gondiya,,,Arjuni Morgaon (SC),63,,289,1,2,0,3,7,B a n s o d Dili p W a m a n,,213,513,726,7,733
Gondiya,,,Arjuni Morgaon (SC),63,,290,1,0,0,1,1,B a n s o d Dili p W a m a n,,87,493,580,1,581
Gondiya,,,Arjuni Morgaon (SC),63,,291,0,0,0,0,1,B a n s o d Dili p W a m a n,,555,631,1186,1,1187
Gondiya,,,Arjuni Morgaon (SC),63,,292,1,0,0,1,2,B a n s o d Dili p W a m a n,,144,760,904,2,906
Gondiya,,,Arjuni Morgaon (SC),63,,293,0,2,0,2,2,B a n s o d Dili p W a m a n,,331,755,1086,2,1088
Gondiya,,,Arjuni Morgaon (SC),63,,294,0,0,0,0,0,B a n s o d Dili p W a m a n,,124,531,655,0,655
Gondiya,,,Arjuni Morgaon (SC),63,,295,1,0,0,1,3,B a n s o d Dili p W a m a n,,276,499,775,3,778
Gondiya,,,Arjuni Morgaon (SC),63,,296,0,2,0,2,2,B a n s o d Dili p W a m a n,,123,577,700,2,702
Gondiya,,,Arjuni Morgaon (SC),63,,297,0,0,0,0,0,B a n s o d Dili p W a m a n,,137,495,632,0,632
Gondiya,,,Arjuni Morgaon (SC),63,,298,1,0,0,1,1,B a n s o d Dili p W a m a n,,682,380,1062,1,1063
Gondiya,,,Arjuni Morgaon (SC),63,,299,0,0,0,0,1,B a n s o d Dili p W a m a n,,695,362,1057,1,1058
Gondiya,,,Arjuni Morgaon (SC),63,,300,1,0,0,1,0,B a n s o d Dili p W a m a n,,509,504,1013,0,1013
Gondiya,,,Arjuni Morgaon (SC),63,,301,0,1,0,1,0,B a n s o d Dili p W a m a n,,546,439,985,0,985
Gondiya,,,Arjuni Morgaon (SC),63,,302,1,1,0,2,1,B a n s o d Dili p W a m a n,,185,801,986,1,987
Gondiya,,,Arjuni Morgaon (SC),63,,303,0,4,0,4,3,B a n s o d Dili p W a m a n,,437,562,999,3,1002
Gondiya,,,Arjuni Morgaon (SC),63,,304,2,1,0,3,0,B a n s o d Dili p W a m a n,,322,455,777,0,777
Gondiya,,,Arjuni Morgaon (SC),63,,305,0,0,0,0,1,B a n s o d Dili p W a m a n,,329,572,901,1,902
Gondiya,,,Arjuni Morgaon (SC),63,,306,1,0,0,1,2,B a n s o d Dili p W a m a n,,338,599,937,2,939
Gondiya,,,Arjuni Morgaon (SC),63,,307,1,1,0,2,2,B a n s o d Dili p W a m a n,,404,837,1241,2,1243
Gondiya,,,Arjuni Morgaon (SC),63,,308,0,2,0,2,1,B a n s o d Dili p W a m a n,,123,662,785,1,786
Gondiya,,,Arjuni Morgaon (SC),63,,1,13,14,0,27,16,B a n s o d Dili p W a m a n,,2,76,78,16,94
Gondiya,,,Arjuni Morgaon (SC),63,,309,0,0,0,0,0,B a n s o d Dili p W a m a n,,42,392,434,0,434
Gondiya,,,Arjuni Morgaon (SC),63,,310,1,3,0,4,2,B a n s o d Dili p W a m a n,,415,671,1086,2,1088
Gondiya,,,Arjuni Morgaon (SC),63,,311,3,3,0,6,5,B a n s o d Dili p W a m a n,,317,844,1161,5,1166
Gondiya,,,Arjuni Morgaon (SC),63,,312,1,1,0,2,1,B a n s o d Dili p W a m a n,,201,774,975,1,976
Gondiya,,,Arjuni Morgaon (SC),63,,313,0,2,0,2,1,B a n s o d Dili p W a m a n,,196,655,851,1,852
Gondiya,,,Arjuni Morgaon (SC),63,,314,6,2,0,8,5,B a n s o d Dili p W a m a n,,333,835,1168,5,1173
Gondiya,,,Arjuni Morgaon (SC),63,,315,0,3,0,3,1,B a n s o d Dili p W a m a n,,169,544,713,1,714
Gondiya,,,Arjuni Morgaon (SC),63,,316,1,2,0,3,1,B a n s o d Dili p W a m a n,,256,605,861,1,862
Gondiya,,,Arjuni Morgaon (SC),63,,1,13,14,0,27,16,B a n s o d Dili p W a m a n,,2,76,78,16,94
Gondiya,,,Arjuni Morgaon (SC),63,,317,0,1,0,1,7,B a n s o d Dili p W a m a n,,378,850,1228,7,1235
Gondiya,,,Arjuni Morgaon (SC),63,,318,2,3,0,5,5,B a n s o d Dili p W a m a n,,346,961,1307,5,1312
TOTAL,,,,,,,564,1165,0,1729,1074,,,81881,144951,226832,1074,227906
