District Name,District No,Jilha,Constituency Name,Constituency No,Total No. of Electors,Serial Poll,Total No. Valid Votes,No. of Rejected Votes,NOTA,Total,No. of Tendered Votes,Elected Person Name,Party Name of Elected Person,No. of Valid Votes Cast in Favour of Elected Person,Other Candidate Votes,Total EVM Votes,Total Postal ballot votes,Total Votes Polled
Yavatmal,,,Yavatmal,78,,1,2,1,0,3,2,NAMA IAHB,,446,301,747,2,749
Yavatmal,,,Yavatmal,78,,2,1,0,0,1,0,NAMA IAHB,,422,234,656,0,656
Yavatmal,,,Yavatmal,78,,3,1,0,0,1,1,NAMA IAHB,,350,482,832,1,833
Yavatmal,,,Yavatmal,78,,4,0,0,0,0,0,NAMA IAHB,,193,134,327,0,327
Yavatmal,,,Yavatmal,78,,5,0,4,0,4,3,NAMA IAHB,,416,185,601,3,604
Yavatmal,,,Yavatmal,78,,6,1,1,0,2,1,NAMA IAHB,,264,114,378,1,379
Yavatmal,,,Yavatmal,78,,7,1,0,0,1,0,NAMA IAHB,,70,159,229,0,229
Yavatmal,,,Yavatmal,78,,8,0,1,0,1,3,NAMA IAHB,,369,178,547,3,550
Yavatmal,,,Yavatmal,78,,9,0,0,0,0,0,NAMA IAHB,,242,292,534,0,534
Yavatmal,,,Yavatmal,78,,10,1,2,0,3,2,NAMA IAHB,,314,223,537,2,539
Yavatmal,,,Yavatmal,78,,11,0,1,0,1,0,NAMA IAHB,,300,260,560,0,560
Yavatmal,,,Yavatmal,78,,12,0,2,0,2,6,NAMA IAHB,,338,204,542,6,548
Yavatmal,,,Yavatmal,78,,13,4,1,0,5,2,NAMA IAHB,,179,485,664,2,666
Yavatmal,,,Yavatmal,78,,14,0,0,0,0,1,NAMA IAHB,,231,439,670,1,671
Yavatmal,,,Yavatmal,78,,15,0,0,0,0,1,NAMA IAHB,,346,420,766,1,767
Yavatmal,,,Yavatmal,78,,16,0,1,0,1,0,NAMA IAHB,,324,458,782,0,782
Yavatmal,,,Yavatmal,78,,17,0,1,0,1,1,NAMA IAHB,,349,389,738,1,739
Yavatmal,,,Yavatmal,78,,18,0,0,0,0,2,NAMA IAHB,,285,420,705,2,707
Yavatmal,,,Yavatmal,78,,19,0,0,0,0,0,NAMA IAHB,,281,407,688,0,688
Yavatmal,,,Yavatmal,78,,20,0,1,0,1,0,NAMA IAHB,,405,366,771,0,771
Yavatmal,,,Yavatmal,78,,21,0,0,0,0,1,NAMA IAHB,,134,204,338,1,339
Yavatmal,,,Yavatmal,78,,22,3,1,0,4,0,NAMA IAHB,,341,475,816,0,816
Yavatmal,,,Yavatmal,78,,23,2,1,0,3,3,NAMA IAHB,,353,339,692,3,695
Yavatmal,,,Yavatmal,78,,24,0,0,0,0,1,NAMA IAHB,,347,255,602,1,603
Yavatmal,,,Yavatmal,78,,25,0,2,0,2,0,NAMA IAHB,,249,282,531,0,531
Yavatmal,,,Yavatmal,78,,26,0,0,0,0,0,NAMA IAHB,,234,371,605,0,605
Yavatmal,,,Yavatmal,78,,27,0,0,0,0,4,NAMA IAHB,,194,344,538,4,542
Yavatmal,,,Yavatmal,78,,28,1,0,0,1,2,NAMA IAHB,,189,433,622,2,624
Yavatmal,,,Yavatmal,78,,29,0,0,0,0,1,NAMA IAHB,,171,408,579,1,580
Yavatmal,,,Yavatmal,78,,30,0,0,0,0,0,NAMA IAHB,,531,81,612,0,612
Yavatmal,,,Yavatmal,78,,31,0,0,0,0,1,NAMA IAHB,,601,95,696,1,697
Yavatmal,,,Yavatmal,78,,32,0,0,0,0,0,NAMA IAHB,,431,61,492,0,492
Yavatmal,,,Yavatmal,78,,33,0,0,0,0,0,NAMA IAHB,,516,69,585,0,585
Yavatmal,,,Yavatmal,78,,34,0,0,0,0,0,NAMA IAHB,,533,58,591,0,591
Yavatmal,,,Yavatmal,78,,35,0,0,0,0,0,NAMA IAHB,,613,73,686,0,686
Yavatmal,,,Yavatmal,78,,36,0,0,0,0,0,NAMA IAHB,,661,71,732,0,732
Yavatmal,,,Yavatmal,78,,37,0,0,0,0,0,NAMA IAHB,,224,270,494,0,494
Yavatmal,,,Yavatmal,78,,38,0,1,0,1,0,NAMA IAHB,,198,188,386,0,386
Yavatmal,,,Yavatmal,78,,39,0,0,0,0,0,NAMA IAHB,,221,269,490,0,490
Yavatmal,,,Yavatmal,78,,40,0,0,0,0,0,NAMA IAHB,,177,183,360,0,360
Yavatmal,,,Yavatmal,78,,41,0,0,0,0,0,NAMA IAHB,,225,205,430,0,430
Yavatmal,,,Yavatmal,78,,42,0,0,0,0,0,NAMA IAHB,,161,182,343,0,343
Yavatmal,,,Yavatmal,78,,43,0,0,0,0,0,NAMA IAHB,,276,304,580,0,580
Yavatmal,,,Yavatmal,78,,44,0,0,0,0,0,NAMA IAHB,,353,256,609,0,609
Yavatmal,,,Yavatmal,78,,45,0,0,0,0,0,NAMA IAHB,,388,402,790,0,790
Yavatmal,,,Yavatmal,78,,46,0,0,0,0,0,NAMA IAHB,,150,178,328,0,328
Yavatmal,,,Yavatmal,78,,47,0,0,0,0,0,NAMA IAHB,,239,229,468,0,468
Yavatmal,,,Yavatmal,78,,48,0,0,0,0,0,NAMA IAHB,,162,222,384,0,384
Yavatmal,,,Yavatmal,78,,49,0,0,0,0,0,NAMA IAHB,,320,262,582,0,582
Yavatmal,,,Yavatmal,78,,50,0,0,0,0,0,NAMA IAHB,,363,373,736,0,736
Yavatmal,,,Yavatmal,78,,51,0,1,0,1,1,NAMA IAHB,,305,313,618,1,619
Yavatmal,,,Yavatmal,78,,52,0,0,0,0,0,NAMA IAHB,,180,308,488,0,488
Yavatmal,,,Yavatmal,78,,53,0,0,0,0,0,NAMA IAHB,,338,475,813,0,813
Yavatmal,,,Yavatmal,78,,54,0,0,0,0,2,NAMA IAHB,,254,476,730,2,732
Yavatmal,,,Yavatmal,78,,55,0,1,0,1,1,NAMA IAHB,,257,326,583,1,584
Yavatmal,,,Yavatmal,78,,56,0,1,0,1,0,NAMA IAHB,,157,273,430,0,430
Yavatmal,,,Yavatmal,78,,57,0,0,0,0,1,NAMA IAHB,,300,394,694,1,695
Yavatmal,,,Yavatmal,78,,58,0,0,0,0,0,NAMA IAHB,,311,363,674,0,674
Yavatmal,,,Yavatmal,78,,59,0,0,0,0,0,NAMA IAHB,,328,411,739,0,739
Yavatmal,,,Yavatmal,78,,60,0,0,0,0,3,NAMA IAHB,,240,390,630,3,633
Yavatmal,,,Yavatmal,78,,61,0,0,0,0,2,NAMA IAHB,,403,468,871,2,873
Yavatmal,,,Yavatmal,78,,62,0,0,0,0,1,NAMA IAHB,,317,427,744,1,745
Yavatmal,,,Yavatmal,78,,63,0,0,0,0,0,NAMA IAHB,,331,493,824,0,824
Yavatmal,,,Yavatmal,78,,64,2,0,0,2,0,NAMA IAHB,,248,402,650,0,650
Yavatmal,,,Yavatmal,78,,65,0,0,0,0,0,NAMA IAHB,,193,384,577,0,577
Yavatmal,,,Yavatmal,78,,66,0,0,0,0,0,NAMA IAHB,,204,289,493,0,493
Yavatmal,,,Yavatmal,78,,67,0,0,0,0,0,NAMA IAHB,,201,353,554,0,554
Yavatmal,,,Yavatmal,78,,68,0,0,0,0,0,NAMA IAHB,,260,484,744,0,744
Yavatmal,,,Yavatmal,78,,69,0,1,0,1,2,NAMA IAHB,,202,367,569,2,571
Yavatmal,,,Yavatmal,78,,70,0,0,0,0,0,NAMA IAHB,,217,403,620,0,620
Yavatmal,,,Yavatmal,78,,71,0,0,0,0,0,NAMA IAHB,,273,358,631,0,631
Yavatmal,,,Yavatmal,78,,72,0,0,0,0,0,NAMA IAHB,,171,297,468,0,468
Yavatmal,,,Yavatmal,78,,73,0,0,0,0,0,NAMA IAHB,,121,214,335,0,335
Yavatmal,,,Yavatmal,78,,74,0,0,0,0,0,NAMA IAHB,,74,168,242,0,242
Yavatmal,,,Yavatmal,78,,75,0,0,0,0,0,NAMA IAHB,,178,218,396,0,396
Yavatmal,,,Yavatmal,78,,76,0,0,0,0,0,NAMA IAHB,,45,129,174,0,174
Yavatmal,,,Yavatmal,78,,77,0,0,0,0,0,NAMA IAHB,,150,222,372,0,372
Yavatmal,,,Yavatmal,78,,78,0,1,0,1,0,NAMA IAHB,,260,365,625,0,625
Yavatmal,,,Yavatmal,78,,79,0,0,0,0,1,NAMA IAHB,,363,202,565,1,566
Yavatmal,,,Yavatmal,78,,80,0,0,0,0,0,NAMA IAHB,,290,335,625,0,625
Yavatmal,,,Yavatmal,78,,81,0,0,0,0,0,NAMA IAHB,,285,244,529,0,529
Yavatmal,,,Yavatmal,78,,82,0,0,0,0,3,NAMA IAHB,,205,353,558,3,561
Yavatmal,,,Yavatmal,78,,83,0,0,0,0,0,NAMA IAHB,,254,333,587,0,587
Yavatmal,,,Yavatmal,78,,84,1,0,0,1,0,NAMA IAHB,,299,300,599,0,599
Yavatmal,,,Yavatmal,78,,85,0,0,0,0,1,NAMA IAHB,,176,235,411,1,412
Yavatmal,,,Yavatmal,78,,86,1,0,0,1,0,NAMA IAHB,,279,336,615,0,615
Yavatmal,,,Yavatmal,78,,87,0,0,0,0,0,NAMA IAHB,,237,242,479,0,479
Yavatmal,,,Yavatmal,78,,88,0,0,0,0,0,NAMA IAHB,,374,432,806,0,806
Yavatmal,,,Yavatmal,78,,89,0,2,0,2,1,NAMA IAHB,,397,312,709,1,710
Yavatmal,,,Yavatmal,78,,90,0,0,0,0,0,NAMA IAHB,,375,542,917,0,917
Yavatmal,,,Yavatmal,78,,91,0,0,0,0,0,NAMA IAHB,,217,282,499,0,499
Yavatmal,,,Yavatmal,78,,92,0,0,0,0,0,NAMA IAHB,,224,315,539,0,539
Yavatmal,,,Yavatmal,78,,93,0,1,0,1,0,NAMA IAHB,,253,385,638,0,638
Yavatmal,,,Yavatmal,78,,94,0,0,0,0,0,NAMA IAHB,,199,380,579,0,579
Yavatmal,,,Yavatmal,78,,95,1,0,0,1,0,NAMA IAHB,,181,266,447,0,447
Yavatmal,,,Yavatmal,78,,96,1,0,0,1,1,NAMA IAHB,,330,400,730,1,731
Yavatmal,,,Yavatmal,78,,97,1,0,0,1,0,NAMA IAHB,,229,315,544,0,544
Yavatmal,,,Yavatmal,78,,98,0,0,0,0,1,NAMA IAHB,,222,283,505,1,506
Yavatmal,,,Yavatmal,78,,99,0,0,0,0,1,NAMA IAHB,,122,231,353,1,354
Yavatmal,,,Yavatmal,78,,100,0,0,0,0,0,NAMA IAHB,,222,367,589,0,589
Yavatmal,,,Yavatmal,78,,101,0,0,0,0,1,NAMA IAHB,,205,310,515,1,516
Yavatmal,,,Yavatmal,78,,102,0,0,0,0,1,NAMA IAHB,,226,303,529,1,530
Yavatmal,,,Yavatmal,78,,103,0,0,0,0,0,NAMA IAHB,,262,370,632,0,632
Yavatmal,,,Yavatmal,78,,104,0,0,0,0,1,NAMA IAHB,,154,338,492,1,493
Yavatmal,,,Yavatmal,78,,105,0,0,0,0,0,NAMA IAHB,,167,301,468,0,468
Yavatmal,,,Yavatmal,78,,106,0,0,0,0,0,NAMA IAHB,,312,369,681,0,681
Yavatmal,,,Yavatmal,78,,107,0,0,0,0,0,NAMA IAHB,,109,266,375,0,375
Yavatmal,,,Yavatmal,78,,108,0,0,0,0,0,NAMA IAHB,,104,284,388,0,388
Yavatmal,,,Yavatmal,78,,109,0,0,0,0,0,NAMA IAHB,,138,286,424,0,424
Yavatmal,,,Yavatmal,78,,110,0,0,0,0,0,NAMA IAHB,,115,343,458,0,458
Yavatmal,,,Yavatmal,78,,111,0,0,0,0,0,NAMA IAHB,,126,287,413,0,413
Yavatmal,,,Yavatmal,78,,112,0,0,0,0,1,NAMA IAHB,,153,335,488,1,489
Yavatmal,,,Yavatmal,78,,113,0,0,0,0,0,NAMA IAHB,,169,282,451,0,451
Yavatmal,,,Yavatmal,78,,114,0,0,0,0,0,NAMA IAHB,,140,280,420,0,420
Yavatmal,,,Yavatmal,78,,115,0,0,0,0,0,NAMA IAHB,,98,284,382,0,382
Yavatmal,,,Yavatmal,78,,116,0,1,0,1,0,NAMA IAHB,,175,322,497,0,497
Yavatmal,,,Yavatmal,78,,117,0,1,0,1,0,NAMA IAHB,,221,437,658,0,658
Yavatmal,,,Yavatmal,78,,118,0,0,0,0,1,NAMA IAHB,,209,354,563,1,564
Yavatmal,,,Yavatmal,78,,119,0,0,0,0,0,NAMA IAHB,,166,354,520,0,520
Yavatmal,,,Yavatmal,78,,120,0,0,0,0,2,NAMA IAHB,,229,383,612,2,614
Yavatmal,,,Yavatmal,78,,121,0,0,0,0,0,NAMA IAHB,,180,383,563,0,563
Yavatmal,,,Yavatmal,78,,122,0,0,0,0,0,NAMA IAHB,,283,482,765,0,765
Yavatmal,,,Yavatmal,78,,123,0,0,0,0,0,NAMA IAHB,,260,448,708,0,708
Yavatmal,,,Yavatmal,78,,124,0,0,0,0,1,NAMA IAHB,,560,396,956,1,957
Yavatmal,,,Yavatmal,78,,125,4,1,0,5,1,NAMA IAHB,,361,531,892,1,893
Yavatmal,,,Yavatmal,78,,126,0,0,0,0,0,NAMA IAHB,,241,244,485,0,485
Yavatmal,,,Yavatmal,78,,127,0,0,0,0,0,NAMA IAHB,,319,305,624,0,624
Yavatmal,,,Yavatmal,78,,128,0,0,0,0,3,NAMA IAHB,,406,516,922,3,925
Yavatmal,,,Yavatmal,78,,129,0,0,0,0,1,NAMA IAHB,,240,336,576,1,577
Yavatmal,,,Yavatmal,78,,130,0,0,0,0,0,NAMA IAHB,,258,416,674,0,674
Yavatmal,,,Yavatmal,78,,131,0,0,0,0,0,NAMA IAHB,,152,310,462,0,462
Yavatmal,,,Yavatmal,78,,132,0,0,0,0,2,NAMA IAHB,,109,345,454,2,456
Yavatmal,,,Yavatmal,78,,133,0,1,0,1,0,NAMA IAHB,,99,370,469,0,469
Yavatmal,,,Yavatmal,78,,134,0,0,0,0,1,NAMA IAHB,,198,442,640,1,641
Yavatmal,,,Yavatmal,78,,135,0,0,0,0,1,NAMA IAHB,,213,317,530,1,531
Yavatmal,,,Yavatmal,78,,136,0,0,0,0,0,NAMA IAHB,,186,357,543,0,543
Yavatmal,,,Yavatmal,78,,137,0,0,0,0,0,NAMA IAHB,,249,328,577,0,577
Yavatmal,,,Yavatmal,78,,138,0,0,0,0,0,NAMA IAHB,,163,333,496,0,496
Yavatmal,,,Yavatmal,78,,139,0,0,0,0,0,NAMA IAHB,,171,400,571,0,571
Yavatmal,,,Yavatmal,78,,140,0,0,0,0,0,NAMA IAHB,,168,320,488,0,488
Yavatmal,,,Yavatmal,78,,141,0,0,0,0,0,NAMA IAHB,,205,378,583,0,583
Yavatmal,,,Yavatmal,78,,142,0,0,0,0,0,NAMA IAHB,,158,313,471,0,471
Yavatmal,,,Yavatmal,78,,143,0,0,0,0,1,NAMA IAHB,,153,323,476,1,477
Yavatmal,,,Yavatmal,78,,144,0,0,0,0,1,NAMA IAHB,,101,242,343,1,344
Yavatmal,,,Yavatmal,78,,145,0,0,0,0,0,NAMA IAHB,,251,426,677,0,677
Yavatmal,,,Yavatmal,78,,146,0,0,0,0,0,NAMA IAHB,,339,385,724,0,724
Yavatmal,,,Yavatmal,78,,147,0,0,0,0,0,NAMA IAHB,,303,552,855,0,855
Yavatmal,,,Yavatmal,78,,148,0,0,0,0,0,NAMA IAHB,,340,540,880,0,880
Yavatmal,,,Yavatmal,78,,149,1,0,0,1,1,NAMA IAHB,,344,561,905,1,906
Yavatmal,,,Yavatmal,78,,150,0,1,0,1,0,NAMA IAHB,,373,524,897,0,897
Yavatmal,,,Yavatmal,78,,151,0,0,0,0,0,NAMA IAHB,,276,371,647,0,647
Yavatmal,,,Yavatmal,78,,152,0,0,0,0,0,NAMA IAHB,,331,376,707,0,707
Yavatmal,,,Yavatmal,78,,153,0,0,0,0,0,NAMA IAHB,,463,491,954,0,954
Yavatmal,,,Yavatmal,78,,154,0,0,0,0,0,NAMA IAHB,,287,512,799,0,799
Yavatmal,,,Yavatmal,78,,155,0,0,0,0,0,NAMA IAHB,,227,520,747,0,747
Yavatmal,,,Yavatmal,78,,156,0,0,0,0,0,NAMA IAHB,,453,385,838,0,838
Yavatmal,,,Yavatmal,78,,157,0,0,0,0,1,NAMA IAHB,,313,337,650,1,651
Yavatmal,,,Yavatmal,78,,158,0,2,0,2,4,NAMA IAHB,,280,417,697,4,701
Yavatmal,,,Yavatmal,78,,159,2,0,0,2,0,NAMA IAHB,,477,614,1091,0,1091
Yavatmal,,,Yavatmal,78,,160,0,0,0,0,1,NAMA IAHB,,251,410,661,1,662
Yavatmal,,,Yavatmal,78,,161,0,0,0,0,0,NAMA IAHB,,163,359,522,0,522
Yavatmal,,,Yavatmal,78,,162,0,1,0,1,0,NAMA IAHB,,428,557,985,0,985
Yavatmal,,,Yavatmal,78,,163,0,0,0,0,1,NAMA IAHB,,83,276,359,1,360
Yavatmal,,,Yavatmal,78,,164,1,0,0,1,0,NAMA IAHB,,221,482,703,0,703
Yavatmal,,,Yavatmal,78,,165,0,3,0,3,4,NAMA IAHB,,412,518,930,4,934
Yavatmal,,,Yavatmal,78,,166,0,0,0,0,1,NAMA IAHB,,159,277,436,1,437
Yavatmal,,,Yavatmal,78,,167,0,2,0,2,0,NAMA IAHB,,557,545,1102,0,1102
Yavatmal,,,Yavatmal,78,,168,0,0,0,0,0,NAMA IAHB,,474,583,1057,0,1057
Yavatmal,,,Yavatmal,78,,169,0,0,0,0,0,NAMA IAHB,,241,384,625,0,625
Yavatmal,,,Yavatmal,78,,170,0,0,0,0,0,NAMA IAHB,,126,272,398,0,398
Yavatmal,,,Yavatmal,78,,171,0,0,0,0,0,NAMA IAHB,,358,528,886,0,886
Yavatmal,,,Yavatmal,78,,172,1,1,0,2,3,NAMA IAHB,,325,482,807,3,810
Yavatmal,,,Yavatmal,78,,173,0,0,0,0,1,NAMA IAHB,,185,565,750,1,751
Yavatmal,,,Yavatmal,78,,174,0,0,0,0,2,NAMA IAHB,,178,366,544,2,546
Yavatmal,,,Yavatmal,78,,175,0,0,0,0,1,NAMA IAHB,,286,540,826,1,827
Yavatmal,,,Yavatmal,78,,176,0,0,0,0,0,NAMA IAHB,,385,651,1036,0,1036
Yavatmal,,,Yavatmal,78,,177,3,0,0,3,0,NAMA IAHB,,216,439,655,0,655
Yavatmal,,,Yavatmal,78,,178,0,0,0,0,0,NAMA IAHB,,166,405,571,0,571
Yavatmal,,,Yavatmal,78,,179,0,0,0,0,0,NAMA IAHB,,273,500,773,0,773
Yavatmal,,,Yavatmal,78,,180,0,0,0,0,0,NAMA IAHB,,282,507,789,0,789
Yavatmal,,,Yavatmal,78,,181,1,0,0,1,0,NAMA IAHB,,134,516,650,0,650
Yavatmal,,,Yavatmal,78,,182,0,0,0,0,1,NAMA IAHB,,208,475,683,1,684
Yavatmal,,,Yavatmal,78,,183,0,1,0,1,1,NAMA IAHB,,264,482,746,1,747
Yavatmal,,,Yavatmal,78,,184,0,3,0,3,0,NAMA IAHB,,240,499,739,0,739
Yavatmal,,,Yavatmal,78,,185,2,0,0,2,0,NAMA IAHB,,141,409,550,0,550
Yavatmal,,,Yavatmal,78,,186,0,0,0,0,0,NAMA IAHB,,120,390,510,0,510
Yavatmal,,,Yavatmal,78,,187,0,9,0,9,0,NAMA IAHB,,231,719,950,0,950
Yavatmal,,,Yavatmal,78,,188,0,2,0,2,2,NAMA IAHB,,156,506,662,2,664
Yavatmal,,,Yavatmal,78,,189,0,4,0,4,0,NAMA IAHB,,124,500,624,0,624
Yavatmal,,,Yavatmal,78,,190,0,0,0,0,0,NAMA IAHB,,264,444,708,0,708
Yavatmal,,,Yavatmal,78,,191,0,0,0,0,2,NAMA IAHB,,241,513,754,2,756
Yavatmal,,,Yavatmal,78,,192,0,0,0,0,0,NAMA IAHB,,192,495,687,0,687
Yavatmal,,,Yavatmal,78,,193,1,1,0,2,1,NAMA IAHB,,212,659,871,1,872
Yavatmal,,,Yavatmal,78,,194,2,0,0,2,0,NAMA IAHB,,154,511,665,0,665
Yavatmal,,,Yavatmal,78,,195,0,0,0,0,0,NAMA IAHB,,205,575,780,0,780
Yavatmal,,,Yavatmal,78,,196,0,1,0,1,0,NAMA IAHB,,162,649,811,0,811
Yavatmal,,,Yavatmal,78,,197,0,0,0,0,0,NAMA IAHB,,241,731,972,0,972
Yavatmal,,,Yavatmal,78,,198,0,2,0,2,1,NAMA IAHB,,317,518,835,1,836
Yavatmal,,,Yavatmal,78,,199,0,0,0,0,1,NAMA IAHB,,236,326,562,1,563
Yavatmal,,,Yavatmal,78,,200,0,0,0,0,1,NAMA IAHB,,338,372,710,1,711
Yavatmal,,,Yavatmal,78,,201,0,0,0,0,2,NAMA IAHB,,210,741,951,2,953
Yavatmal,,,Yavatmal,78,,202,0,1,0,1,3,NAMA IAHB,,463,569,1032,3,1035
Yavatmal,,,Yavatmal,78,,203,0,0,0,0,1,NAMA IAHB,,152,544,696,1,697
Yavatmal,,,Yavatmal,78,,204,0,2,0,2,2,NAMA IAHB,,226,626,852,2,854
Yavatmal,,,Yavatmal,78,,205,0,0,0,0,0,NAMA IAHB,,142,562,704,0,704
Yavatmal,,,Yavatmal,78,,206,0,0,0,0,0,NAMA IAHB,,111,521,632,0,632
Yavatmal,,,Yavatmal,78,,207,0,0,0,0,1,NAMA IAHB,,285,600,885,1,886
Yavatmal,,,Yavatmal,78,,208,0,0,0,0,1,NAMA IAHB,,157,564,721,1,722
Yavatmal,,,Yavatmal,78,,209,0,0,0,0,0,NAMA IAHB,,168,500,668,0,668
Yavatmal,,,Yavatmal,78,,210,0,0,0,0,1,NAMA IAHB,,200,529,729,1,730
Yavatmal,,,Yavatmal,78,,211,0,0,0,0,1,NAMA IAHB,,171,559,730,1,731
Yavatmal,,,Yavatmal,78,,212,0,1,0,1,0,NAMA IAHB,,397,373,770,0,770
Yavatmal,,,Yavatmal,78,,213,0,1,0,1,1,NAMA IAHB,,516,386,902,1,903
Yavatmal,,,Yavatmal,78,,214,0,0,0,0,0,NAMA IAHB,,305,495,800,0,800
Yavatmal,,,Yavatmal,78,,215,0,0,0,0,2,NAMA IAHB,,356,457,813,2,815
Yavatmal,,,Yavatmal,78,,216,0,2,0,2,0,NAMA IAHB,,334,364,698,0,698
Yavatmal,,,Yavatmal,78,,217,0,0,0,0,2,NAMA IAHB,,523,450,973,2,975
Yavatmal,,,Yavatmal,78,,218,0,0,0,0,0,NAMA IAHB,,173,691,864,0,864
Yavatmal,,,Yavatmal,78,,219,0,0,0,0,1,NAMA IAHB,,229,427,656,1,657
Yavatmal,,,Yavatmal,78,,220,0,1,0,1,0,NAMA IAHB,,181,522,703,0,703
Yavatmal,,,Yavatmal,78,,221,0,0,0,0,0,NAMA IAHB,,509,386,895,0,895
Yavatmal,,,Yavatmal,78,,222,0,0,0,0,3,NAMA IAHB,,393,503,896,3,899
Yavatmal,,,Yavatmal,78,,223,0,0,0,0,4,NAMA IAHB,,488,372,860,4,864
Yavatmal,,,Yavatmal,78,,224,0,0,0,0,0,NAMA IAHB,,757,280,1037,0,1037
Yavatmal,,,Yavatmal,78,,225,0,0,0,0,2,NAMA IAHB,,387,352,739,2,741
Yavatmal,,,Yavatmal,78,,226,0,0,0,0,0,NAMA IAHB,,135,488,623,0,623
Yavatmal,,,Yavatmal,78,,227,0,0,0,0,0,NAMA IAHB,,503,360,863,0,863
Yavatmal,,,Yavatmal,78,,228,0,0,0,0,1,NAMA IAHB,,661,366,1027,1,1028
Yavatmal,,,Yavatmal,78,,229,0,0,0,0,0,NAMA IAHB,,361,259,620,0,620
Yavatmal,,,Yavatmal,78,,230,0,0,0,0,0,NAMA IAHB,,482,375,857,0,857
Yavatmal,,,Yavatmal,78,,231,0,0,0,0,0,NAMA IAHB,,460,362,822,0,822
Yavatmal,,,Yavatmal,78,,232,0,0,0,0,0,NAMA IAHB,,514,365,879,0,879
Yavatmal,,,Yavatmal,78,,233,0,0,0,0,0,NAMA IAHB,,459,300,759,0,759
Yavatmal,,,Yavatmal,78,,234,0,0,0,0,0,NAMA IAHB,,614,303,917,0,917
Yavatmal,,,Yavatmal,78,,235,0,0,0,0,1,NAMA IAHB,,389,278,667,1,668
Yavatmal,,,Yavatmal,78,,236,0,0,0,0,0,NAMA IAHB,,105,463,568,0,568
Yavatmal,,,Yavatmal,78,,237,0,0,0,0,0,NAMA IAHB,,111,587,698,0,698
Yavatmal,,,Yavatmal,78,,238,1,0,0,1,0,NAMA IAHB,,154,504,658,0,658
Yavatmal,,,Yavatmal,78,,239,0,0,0,0,0,NAMA IAHB,,195,600,795,0,795
Yavatmal,,,Yavatmal,78,,240,0,0,0,0,1,NAMA IAHB,,241,390,631,1,632
Yavatmal,,,Yavatmal,78,,241,0,1,0,1,0,NAMA IAHB,,222,693,915,0,915
Yavatmal,,,Yavatmal,78,,242,0,0,0,0,1,NAMA IAHB,,298,450,748,1,749
Yavatmal,,,Yavatmal,78,,243,0,0,0,0,0,NAMA IAHB,,277,550,827,0,827
Yavatmal,,,Yavatmal,78,,244,0,0,0,0,0,NAMA IAHB,,318,362,680,0,680
Yavatmal,,,Yavatmal,78,,245,1,0,0,1,0,NAMA IAHB,,162,472,634,0,634
Yavatmal,,,Yavatmal,78,,246,0,0,0,0,0,NAMA IAHB,,383,279,662,0,662
Yavatmal,,,Yavatmal,78,,247,0,1,0,1,0,NAMA IAHB,,409,383,792,0,792
Yavatmal,,,Yavatmal,78,,248,0,0,0,0,0,NAMA IAHB,,242,636,878,0,878
Yavatmal,,,Yavatmal,78,,249,0,1,0,1,0,NAMA IAHB,,343,447,790,0,790
Yavatmal,,,Yavatmal,78,,250,0,0,0,0,0,NAMA IAHB,,159,457,616,0,616
Yavatmal,,,Yavatmal,78,,251,0,0,0,0,0,NAMA IAHB,,426,296,722,0,722
Yavatmal,,,Yavatmal,78,,252,0,0,0,0,2,NAMA IAHB,,418,333,751,2,753
Yavatmal,,,Yavatmal,78,,253,0,0,0,0,1,NAMA IAHB,,320,638,958,1,959
Yavatmal,,,Yavatmal,78,,254,0,0,0,0,0,NAMA IAHB,,166,568,734,0,734
Yavatmal,,,Yavatmal,78,,255,0,0,0,0,0,NAMA IAHB,,201,687,888,0,888
Yavatmal,,,Yavatmal,78,,256,0,0,0,0,2,NAMA IAHB,,239,664,903,2,905
Yavatmal,,,Yavatmal,78,,257,0,0,0,0,0,NAMA IAHB,,225,685,910,0,910
Yavatmal,,,Yavatmal,78,,258,0,0,0,0,0,NAMA IAHB,,176,788,964,0,964
Yavatmal,,,Yavatmal,78,,259,0,0,0,0,0,NAMA IAHB,,155,635,790,0,790
Yavatmal,,,Yavatmal,78,,260,0,0,0,0,0,NAMA IAHB,,89,558,647,0,647
Yavatmal,,,Yavatmal,78,,261,0,0,0,0,0,NAMA IAHB,,93,516,609,0,609
Yavatmal,,,Yavatmal,78,,262,0,0,0,0,0,NAMA IAHB,,160,599,759,0,759
Yavatmal,,,Yavatmal,78,,263,0,0,0,0,0,NAMA IAHB,,174,552,726,0,726
Yavatmal,,,Yavatmal,78,,264,0,0,0,0,0,NAMA IAHB,,259,566,825,0,825
Yavatmal,,,Yavatmal,78,,265,0,0,0,0,1,NAMA IAHB,,260,602,862,1,863
Yavatmal,,,Yavatmal,78,,266,0,0,0,0,0,NAMA IAHB,,169,576,745,0,745
Yavatmal,,,Yavatmal,78,,267,0,0,0,0,0,NAMA IAHB,,139,560,699,0,699
Yavatmal,,,Yavatmal,78,,268,0,0,0,0,0,NAMA IAHB,,132,557,689,0,689
Yavatmal,,,Yavatmal,78,,269,0,0,0,0,0,NAMA IAHB,,177,476,653,0,653
Yavatmal,,,Yavatmal,78,,270,0,0,0,0,0,NAMA IAHB,,86,685,771,0,771
Yavatmal,,,Yavatmal,78,,271,0,0,0,0,0,NAMA IAHB,,101,631,732,0,732
Yavatmal,,,Yavatmal,78,,272,0,0,0,0,0,NAMA IAHB,,128,613,741,0,741
Yavatmal,,,Yavatmal,78,,273,0,0,0,0,2,NAMA IAHB,,354,705,1059,2,1061
Yavatmal,,,Yavatmal,78,,274,0,0,0,0,0,NAMA IAHB,,219,716,935,0,935
Yavatmal,,,Yavatmal,78,,275,0,0,0,0,0,NAMA IAHB,,120,508,628,0,628
Yavatmal,,,Yavatmal,78,,276,0,0,0,0,0,NAMA IAHB,,81,475,556,0,556
Yavatmal,,,Yavatmal,78,,277,0,0,0,0,0,NAMA IAHB,,234,641,875,0,875
Yavatmal,,,Yavatmal,78,,278,0,0,0,0,0,NAMA IAHB,,170,765,935,0,935
Yavatmal,,,Yavatmal,78,,279,0,0,0,0,0,NAMA IAHB,,115,556,671,0,671
Yavatmal,,,Yavatmal,78,,280,0,0,0,0,1,NAMA IAHB,,196,608,804,1,805
Yavatmal,,,Yavatmal,78,,281,0,0,0,0,0,NAMA IAHB,,183,715,898,0,898
Yavatmal,,,Yavatmal,78,,282,0,0,0,0,2,NAMA IAHB,,351,719,1070,2,1072
Yavatmal,,,Yavatmal,78,,283,1,0,0,1,3,NAMA IAHB,,273,767,1040,3,1043
Yavatmal,,,Yavatmal,78,,284,2,0,0,2,4,NAMA IAHB,,394,470,864,4,868
Yavatmal,,,Yavatmal,78,,285,1,3,0,4,4,NAMA IAHB,,151,467,618,4,622
Yavatmal,,,Yavatmal,78,,286,0,3,0,3,2,NAMA IAHB,,424,672,1096,2,1098
Yavatmal,,,Yavatmal,78,,287,1,2,0,3,3,NAMA IAHB,,505,718,1223,3,1226
Yavatmal,,,Yavatmal,78,,288,0,0,0,0,0,NAMA IAHB,,221,564,785,0,785
Yavatmal,,,Yavatmal,78,,289,0,0,0,0,1,NAMA IAHB,,458,855,1313,1,1314
Yavatmal,,,Yavatmal,78,,290,0,0,0,0,0,NAMA IAHB,,319,416,735,0,735
Yavatmal,,,Yavatmal,78,,291,1,2,0,3,2,NAMA IAHB,,400,577,977,2,979
Yavatmal,,,Yavatmal,78,,292,0,0,0,0,0,NAMA IAHB,,287,505,792,0,792
Yavatmal,,,Yavatmal,78,,293,0,0,0,0,0,NAMA IAHB,,233,623,856,0,856
Yavatmal,,,Yavatmal,78,,294,0,0,0,0,2,NAMA IAHB,,277,420,697,2,699
Yavatmal,,,Yavatmal,78,,295,0,0,0,0,0,NAMA IAHB,,323,736,1059,0,1059
Yavatmal,,,Yavatmal,78,,296,0,0,0,0,0,NAMA IAHB,,373,615,988,0,988
Yavatmal,,,Yavatmal,78,,297,0,0,0,0,1,NAMA IAHB,,305,799,1104,1,1105
Yavatmal,,,Yavatmal,78,,298,1,0,0,1,1,NAMA IAHB,,296,820,1116,1,1117
Yavatmal,,,Yavatmal,78,,299,0,1,0,1,2,NAMA IAHB,,487,568,1055,2,1057
Yavatmal,,,Yavatmal,78,,300,1,0,0,1,0,NAMA IAHB,,166,830,996,0,996
Yavatmal,,,Yavatmal,78,,301,1,1,0,2,0,NAMA IAHB,,262,723,985,0,985
Yavatmal,,,Yavatmal,78,,302,0,0,0,0,0,NAMA IAHB,,185,813,998,0,998
Yavatmal,,,Yavatmal,78,,303,0,1,0,1,3,NAMA IAHB,,395,784,1179,3,1182
Yavatmal,,,Yavatmal,78,,304,0,0,0,0,0,NAMA IAHB,,294,832,1126,0,1126
Yavatmal,,,Yavatmal,78,,305,1,1,0,2,1,NAMA IAHB,,397,738,1135,1,1136
Yavatmal,,,Yavatmal,78,,306,0,0,0,0,0,NAMA IAHB,,85,463,548,0,548
Yavatmal,,,Yavatmal,78,,307,0,1,0,1,1,NAMA IAHB,,410,880,1290,1,1291
Yavatmal,,,Yavatmal,78,,308,1,0,0,1,0,NAMA IAHB,,462,666,1128,0,1128
Yavatmal,,,Yavatmal,78,,309,1,0,0,1,1,NAMA IAHB,,244,557,801,1,802
Yavatmal,,,Yavatmal,78,,310,1,0,0,1,0,NAMA IAHB,,64,699,763,0,763
Yavatmal,,,Yavatmal,78,,311,0,1,0,1,0,NAMA IAHB,,212,530,742,0,742
Yavatmal,,,Yavatmal,78,,312,2,0,0,2,1,NAMA IAHB,,406,687,1093,1,1094
Yavatmal,,,Yavatmal,78,,313,2,0,0,2,1,NAMA IAHB,,322,655,977,1,978
Yavatmal,,,Yavatmal,78,,314,0,1,0,1,1,NAMA IAHB,,375,791,1166,1,1167
Yavatmal,,,Yavatmal,78,,315,1,2,0,3,2,NAMA IAHB,,386,514,900,2,902
Yavatmal,,,Yavatmal,78,,316,1,2,0,3,4,NAMA IAHB,,425,459,884,4,888
Yavatmal,,,Yavatmal,78,,317,0,0,0,0,1,NAMA IAHB,,297,505,802,1,803
Yavatmal,,,Yavatmal,78,,318,0,0,0,0,0,NAMA IAHB,,317,489,806,0,806
Yavatmal,,,Yavatmal,78,,319,3,0,0,3,2,NAMA IAHB,,313,735,1048,2,1050
Yavatmal,,,Yavatmal,78,,320,0,1,0,1,1,NAMA IAHB,,265,587,852,1,853
Yavatmal,,,Yavatmal,78,,321,2,1,0,3,1,NAMA IAHB,,437,730,1167,1,1168
Yavatmal,,,Yavatmal,78,,322,1,1,0,2,0,NAMA IAHB,,359,775,1134,0,1134
Yavatmal,,,Yavatmal,78,,323,0,0,0,0,3,NAMA IAHB,,159,538,697,3,700
Yavatmal,,,Yavatmal,78,,324,0,0,0,0,1,NAMA IAHB,,201,450,651,1,652
Yavatmal,,,Yavatmal,78,,325,0,0,0,0,3,NAMA IAHB,,145,538,683,3,686
Yavatmal,,,Yavatmal,78,,326,0,0,0,0,1,NAMA IAHB,,196,507,703,1,704
Yavatmal,,,Yavatmal,78,,327,0,1,0,1,0,NAMA IAHB,,96,510,606,0,606
Yavatmal,,,Yavatmal,78,,328,2,0,0,2,0,NAMA IAHB,,288,888,1176,0,1176
Yavatmal,,,Yavatmal,78,,329,0,0,0,0,3,NAMA IAHB,,296,708,1004,3,1007
Yavatmal,,,Yavatmal,78,,330,1,3,0,4,1,NAMA IAHB,,296,536,832,1,833
Yavatmal,,,Yavatmal,78,,331,0,1,0,1,1,NAMA IAHB,,220,801,1021,1,1022
Yavatmal,,,Yavatmal,78,,332,2,1,0,3,5,NAMA IAHB,,309,721,1030,5,1035
Yavatmal,,,Yavatmal,78,,333,0,0,0,0,2,NAMA IAHB,,177,555,732,2,734
Yavatmal,,,Yavatmal,78,,334,0,0,0,0,0,NAMA IAHB,,122,547,669,0,669
Yavatmal,,,Yavatmal,78,,335,0,2,0,2,0,NAMA IAHB,,192,478,670,0,670
Yavatmal,,,Yavatmal,78,,336,1,1,0,2,0,NAMA IAHB,,290,632,922,0,922
Yavatmal,,,Yavatmal,78,,337,0,1,0,1,3,NAMA IAHB,,212,604,816,3,819
Yavatmal,,,Yavatmal,78,,338,0,0,0,0,0,NAMA IAHB,,217,530,747,0,747
Yavatmal,,,Yavatmal,78,,339,0,0,0,0,0,NAMA IAHB,,227,620,847,0,847
Yavatmal,,,Yavatmal,78,,340,0,0,0,0,0,NAMA IAHB,,224,655,879,0,879
Yavatmal,,,Yavatmal,78,,341,4,0,0,4,0,NAMA IAHB,,391,774,1165,0,1165
Yavatmal,,,Yavatmal,78,,342,0,3,0,3,3,NAMA IAHB,,240,611,851,3,854
Yavatmal,,,Yavatmal,78,,343,0,0,0,0,1,NAMA IAHB,,165,430,595,1,596
Yavatmal,,,Yavatmal,78,,344,1,0,0,1,2,NAMA IAHB,,342,468,810,2,812
Yavatmal,,,Yavatmal,78,,345,0,0,0,0,0,NAMA IAHB,,127,467,594,0,594
Yavatmal,,,Yavatmal,78,,346,1,0,0,1,1,NAMA IAHB,,337,518,855,1,856
Yavatmal,,,Yavatmal,78,,347,0,1,0,1,1,NAMA IAHB,,135,622,757,1,758
Yavatmal,,,Yavatmal,78,,348,0,0,0,0,0,NAMA IAHB,,239,526,765,0,765
Yavatmal,,,Yavatmal,78,,349,0,0,0,0,0,NAMA IAHB,,153,579,732,0,732
Yavatmal,,,Yavatmal,78,,350,0,0,0,0,1,NAMA IAHB,,163,525,688,1,689
Yavatmal,,,Yavatmal,78,,351,0,2,0,2,1,NAMA IAHB,,424,510,934,1,935
Yavatmal,,,Yavatmal,78,,352,0,0,0,0,2,NAMA IAHB,,319,625,944,2,946
Yavatmal,,,Yavatmal,78,,353,2,2,0,4,2,NAMA IAHB,,502,597,1099,2,1101
Yavatmal,,,Yavatmal,78,,354,1,0,0,1,2,NAMA IAHB,,295,724,1019,2,1021
Yavatmal,,,Yavatmal,78,,355,0,1,0,1,0,NAMA IAHB,,246,575,821,0,821
Yavatmal,,,Yavatmal,78,,356,0,1,0,1,2,NAMA IAHB,,410,784,1194,2,1196
Yavatmal,,,Yavatmal,78,,357,0,0,0,0,3,NAMA IAHB,,299,558,857,3,860
Yavatmal,,,Yavatmal,78,,358,0,0,0,0,0,NAMA IAHB,,358,574,932,0,932
Yavatmal,,,Yavatmal,78,,359,0,0,0,0,0,NAMA IAHB,,418,706,1124,0,1124
Yavatmal,,,Yavatmal,78,,360,0,0,0,0,0,NAMA IAHB,,207,562,769,0,769
Yavatmal,,,Yavatmal,78,,361,0,1,0,1,1,NAMA IAHB,,231,533,764,1,765
Yavatmal,,,Yavatmal,78,,362,0,0,0,0,2,NAMA IAHB,,434,797,1231,2,1233
Yavatmal,,,Yavatmal,78,,363,0,1,0,1,1,NAMA IAHB,,400,703,1103,1,1104
Yavatmal,,,Yavatmal,78,,364,0,0,0,0,0,NAMA IAHB,,160,439,599,0,599
Yavatmal,,,Yavatmal,78,,365,0,0,0,0,0,NAMA IAHB,,90,499,589,0,589
Yavatmal,,,Yavatmal,78,,366,1,0,0,1,2,NAMA IAHB,,364,552,916,2,918
Yavatmal,,,Yavatmal,78,,367,0,2,0,2,0,NAMA IAHB,,248,692,940,0,940
Yavatmal,,,Yavatmal,78,,368,2,0,0,2,2,NAMA IAHB,,285,661,946,2,948
Yavatmal,,,Yavatmal,78,,369,0,1,0,1,0,NAMA IAHB,,197,687,884,0,884
Yavatmal,,,Yavatmal,78,,370,0,1,0,1,0,NAMA IAHB,,91,469,560,0,560
Yavatmal,,,Yavatmal,78,,371,1,0,0,1,0,NAMA IAHB,,291,627,918,0,918
Yavatmal,,,Yavatmal,78,,372,1,1,0,2,1,NAMA IAHB,,227,520,747,1,748
Yavatmal,,,Yavatmal,78,,373,0,0,0,0,1,NAMA IAHB,,256,642,898,1,899
Yavatmal,,,Yavatmal,78,,374,1,1,0,2,1,NAMA IAHB,,245,645,890,1,891
Yavatmal,,,Yavatmal,78,,375,0,0,0,0,0,NAMA IAHB,,236,758,994,0,994
Yavatmal,,,Yavatmal,78,,376,0,0,0,0,0,NAMA IAHB,,318,573,891,0,891
Yavatmal,,,Yavatmal,78,,377,0,0,0,0,0,NAMA IAHB,,288,607,895,0,895
Yavatmal,,,Yavatmal,78,,378,0,1,0,1,1,NAMA IAHB,,396,759,1155,1,1156
Yavatmal,,,Yavatmal,78,,379,2,1,0,3,2,NAMA IAHB,,313,830,1143,2,1145
Yavatmal,,,Yavatmal,78,,380,0,0,0,0,4,NAMA IAHB,,430,858,1288,4,1292
Yavatmal,,,Yavatmal,78,,381,0,0,0,0,2,NAMA IAHB,,182,856,1038,2,1040
Yavatmal,,,Yavatmal,78,,382,0,0,0,0,2,NAMA IAHB,,347,700,1047,2,1049
Yavatmal,,,Yavatmal,78,,383,0,1,0,1,1,NAMA IAHB,,276,705,981,1,982
Yavatmal,,,Yavatmal,78,,384,0,2,0,2,1,NAMA IAHB,,441,697,1138,1,1139
Yavatmal,,,Yavatmal,78,,385,0,1,0,1,2,NAMA IAHB,,313,705,1018,2,1020
Yavatmal,,,Yavatmal,78,,386,0,1,0,1,2,NAMA IAHB,,296,817,1113,2,1115
Yavatmal,,,Yavatmal,78,,387,0,0,0,0,1,NAMA IAHB,,312,718,1030,1,1031
Yavatmal,,,Yavatmal,78,,388,0,0,0,0,0,NAMA IAHB,,385,582,967,0,967
Yavatmal,,,Yavatmal,78,,389,1,1,0,2,0,NAMA IAHB,,355,753,1108,0,1108
Yavatmal,,,Yavatmal,78,,390,0,0,0,0,0,NAMA IAHB,,178,640,818,0,818
Yavatmal,,,Yavatmal,78,,391,0,0,0,0,1,NAMA IAHB,,382,853,1235,1,1236
Yavatmal,,,Yavatmal,78,,392,0,0,0,0,0,NAMA IAHB,,170,704,874,0,874
Yavatmal,,,Yavatmal,78,,393,0,0,0,0,0,NAMA IAHB,,98,598,696,0,696
Yavatmal,,,Yavatmal,78,,394,0,0,0,0,5,NAMA IAHB,,337,637,974,5,979
Yavatmal,,,Yavatmal,78,,395,0,0,0,0,2,NAMA IAHB,,308,635,943,2,945
Yavatmal,,,Yavatmal,78,,396,0,0,0,0,0,NAMA IAHB,,431,629,1060,0,1060
Yavatmal,,,Yavatmal,78,,397,0,0,0,0,1,NAMA IAHB,,385,506,891,1,892
Yavatmal,,,Yavatmal,78,,398,0,1,0,1,0,NAMA IAHB,,331,543,874,0,874
Yavatmal,,,Yavatmal,78,,399,0,0,0,0,4,NAMA IAHB,,277,724,1001,4,1005
Yavatmal,,,Yavatmal,78,,400,0,0,0,0,1,NAMA IAHB,,339,615,954,1,955
Yavatmal,,,Yavatmal,78,,401,0,1,0,1,0,NAMA IAHB,,231,651,882,0,882
Yavatmal,,,Yavatmal,78,,402,0,0,0,0,1,NAMA IAHB,,189,471,660,1,661
Yavatmal,,,Yavatmal,78,,403,1,0,0,1,2,NAMA IAHB,,368,1014,1382,2,1384
Yavatmal,,,Yavatmal,78,,404,0,1,0,1,1,NAMA IAHB,,162,576,738,1,739
Yavatmal,,,Yavatmal,78,,405,1,0,0,1,1,NAMA IAHB,,297,661,958,1,959
Yavatmal,,,Yavatmal,78,,406,0,0,0,0,1,NAMA IAHB,,464,686,1150,1,1151
Yavatmal,,,Yavatmal,78,,407,0,0,0,0,0,NAMA IAHB,,441,718,1159,0,1159
Yavatmal,,,Yavatmal,78,,408,0,0,0,0,2,NAMA IAHB,,357,615,972,2,974
Yavatmal,,,Yavatmal,78,,409,0,2,0,2,1,NAMA IAHB,,166,607,773,1,774
Yavatmal,,,Yavatmal,78,,410,0,0,0,0,0,NAMA IAHB,,346,650,996,0,996
Yavatmal,,,Yavatmal,78,,411,0,0,0,0,1,NAMA IAHB,,336,730,1066,1,1067
Yavatmal,,,Yavatmal,78,,412,0,0,0,0,0,NAMA IAHB,,478,657,1135,0,1135
Yavatmal,,,Yavatmal,78,,413,0,0,0,0,4,NAMA IAHB,,442,814,1256,4,1260
Yavatmal,,,Yavatmal,78,,414,0,0,0,0,0,NAMA IAHB,,108,658,766,0,766
Yavatmal,,,Yavatmal,78,,415,0,0,0,0,0,NAMA IAHB,,35,600,635,0,635
Yavatmal,,,Yavatmal,78,,416,0,0,0,0,0,NAMA IAHB,,139,573,712,0,712
Yavatmal,,,Yavatmal,78,,417,0,0,0,0,2,NAMA IAHB,,477,777,1254,2,1256
Yavatmal,,,Yavatmal,78,,418,0,0,0,0,1,NAMA IAHB,,282,659,941,1,942
Yavatmal,,,Yavatmal,78,,419,0,0,0,0,0,NAMA IAHB,,74,504,578,0,578
Yavatmal,,,Yavatmal,78,,420,0,1,0,1,1,NAMA IAHB,,75,509,584,1,585
Yavatmal,,,Yavatmal,78,,421,0,0,0,0,1,NAMA IAHB,,243,474,717,1,718
Yavatmal,,,Yavatmal,78,,422,1,2,0,3,1,NAMA IAHB,,404,790,1194,1,1195
Yavatmal,,,Yavatmal,78,,423,0,0,0,0,0,NAMA IAHB,,340,671,1011,0,1011
Yavatmal,,,Yavatmal,78,,424,0,0,0,0,0,NAMA IAHB,,121,539,660,0,660
Yavatmal,,,Yavatmal,78,,425,0,0,0,0,1,NAMA IAHB,,150,609,759,1,760
Yavatmal,,,Yavatmal,78,,426,0,1,0,1,2,NAMA IAHB,,157,549,706,2,708
Yavatmal,,,Yavatmal,78,,427,3,0,0,3,4,NAMA IAHB,,446,691,1137,4,1141
TOTAL,,,,,,,99,146,0,245,310,,,115605,207224,322829,310,323139
