District Name,District No,Jilha,Constituency Name,Constituency No,Total No. of Electors,Serial Poll,Total No. Valid Votes,No. of Rejected Votes,NOTA,Total,No. of Tendered Votes,Elected Person Name,Party Name of Elected Person,No. of Valid Votes Cast in Favour of Elected Person,Other Candidate Votes,Total EVM Votes,Total Postal ballot votes,Total Votes Polled
Yavatmal,,,Ralegaon (ST),77,,1,670,0,0,670,674,EKRUP IJUHDNIHC TNASAV,,335,336,671,674,1345
Yavatmal,,,Ralegaon (ST),77,,2,327,0,0,327,327,EKRUP IJUHDNIHC TNASAV,,108,221,329,327,656
Yavatmal,,,Ralegaon (ST),77,,3,715,0,0,715,718,EKRUP IJUHDNIHC TNASAV,,324,394,718,718,1436
Yavatmal,,,Ralegaon (ST),77,,4,649,0,0,649,650,EKRUP IJUHDNIHC TNASAV,,332,321,653,650,1303
Yavatmal,,,Ralegaon (ST),77,,5,599,0,0,599,602,EKRUP IJUHDNIHC TNASAV,,262,342,604,602,1206
Yavatmal,,,Ralegaon (ST),77,,6,736,0,0,736,739,EKRUP IJUHDNIHC TNASAV,,381,361,742,739,1481
Yavatmal,,,Ralegaon (ST),77,,7,408,0,0,408,408,EKRUP IJUHDNIHC TNASAV,,173,242,415,408,823
Yavatmal,,,Ralegaon (ST),77,,8,504,0,0,504,505,EKRUP IJUHDNIHC TNASAV,,262,250,512,505,1017
Yavatmal,,,Ralegaon (ST),77,,9,336,0,0,336,337,EKRUP IJUHDNIHC TNASAV,,83,262,345,337,682
Yavatmal,,,Ralegaon (ST),77,,10,661,0,0,661,665,EKRUP IJUHDNIHC TNASAV,,242,429,671,665,1336
Yavatmal,,,Ralegaon (ST),77,,11,731,0,0,731,733,EKRUP IJUHDNIHC TNASAV,,421,321,742,733,1475
Yavatmal,,,Ralegaon (ST),77,,12,506,0,0,506,507,EKRUP IJUHDNIHC TNASAV,,253,265,518,507,1025
Yavatmal,,,Ralegaon (ST),77,,13,353,0,0,353,354,EKRUP IJUHDNIHC TNASAV,,184,182,366,354,720
Yavatmal,,,Ralegaon (ST),77,,14,318,0,0,318,320,EKRUP IJUHDNIHC TNASAV,,186,146,332,320,652
Yavatmal,,,Ralegaon (ST),77,,15,245,0,0,245,245,EKRUP IJUHDNIHC TNASAV,,150,110,260,245,505
Yavatmal,,,Ralegaon (ST),77,,16,570,0,0,570,576,EKRUP IJUHDNIHC TNASAV,,261,325,586,576,1162
Yavatmal,,,Ralegaon (ST),77,,17,676,0,0,676,682,EKRUP IJUHDNIHC TNASAV,,253,440,693,682,1375
Yavatmal,,,Ralegaon (ST),77,,18,817,0,0,817,825,EKRUP IJUHDNIHC TNASAV,,592,243,835,825,1660
Yavatmal,,,Ralegaon (ST),77,,19,647,0,0,647,647,EKRUP IJUHDNIHC TNASAV,,315,351,666,647,1313
Yavatmal,,,Ralegaon (ST),77,,20,700,0,0,700,704,EKRUP IJUHDNIHC TNASAV,,443,277,720,704,1424
Yavatmal,,,Ralegaon (ST),77,,21,464,0,0,464,467,EKRUP IJUHDNIHC TNASAV,,266,219,485,467,952
Yavatmal,,,Ralegaon (ST),77,,22,392,0,0,392,395,EKRUP IJUHDNIHC TNASAV,,226,188,414,395,809
Yavatmal,,,Ralegaon (ST),77,,23,548,0,0,548,550,EKRUP IJUHDNIHC TNASAV,,247,324,571,550,1121
Yavatmal,,,Ralegaon (ST),77,,24,671,0,0,671,677,EKRUP IJUHDNIHC TNASAV,,270,425,695,677,1372
Yavatmal,,,Ralegaon (ST),77,,25,230,0,0,230,237,EKRUP IJUHDNIHC TNASAV,,106,149,255,237,492
Yavatmal,,,Ralegaon (ST),77,,26,541,0,0,541,543,EKRUP IJUHDNIHC TNASAV,,253,314,567,543,1110
Yavatmal,,,Ralegaon (ST),77,,27,455,0,0,455,461,EKRUP IJUHDNIHC TNASAV,,257,225,482,461,943
Yavatmal,,,Ralegaon (ST),77,,28,498,0,0,498,500,EKRUP IJUHDNIHC TNASAV,,242,284,526,500,1026
Yavatmal,,,Ralegaon (ST),77,,30,641,0,0,641,644,EKRUP IJUHDNIHC TNASAV,,241,430,671,644,1315
Yavatmal,,,Ralegaon (ST),77,,31,590,0,0,590,597,EKRUP IJUHDNIHC TNASAV,,133,488,621,597,1218
Yavatmal,,,Ralegaon (ST),77,,32,396,0,0,396,398,EKRUP IJUHDNIHC TNASAV,,153,275,428,398,826
Yavatmal,,,Ralegaon (ST),77,,33,972,0,0,972,975,EKRUP IJUHDNIHC TNASAV,,426,579,1005,975,1980
Yavatmal,,,Ralegaon (ST),77,,34,534,0,0,534,534,EKRUP IJUHDNIHC TNASAV,,221,347,568,534,1102
Yavatmal,,,Ralegaon (ST),77,,35,633,0,0,633,635,EKRUP IJUHDNIHC TNASAV,,448,220,668,635,1303
Yavatmal,,,Ralegaon (ST),77,,36,316,0,0,316,316,EKRUP IJUHDNIHC TNASAV,,149,203,352,316,668
Yavatmal,,,Ralegaon (ST),77,,37,668,0,0,668,671,EKRUP IJUHDNIHC TNASAV,,214,491,705,671,1376
Yavatmal,,,Ralegaon (ST),77,,38,713,0,0,713,714,EKRUP IJUHDNIHC TNASAV,,239,512,751,714,1465
Yavatmal,,,Ralegaon (ST),77,,39,636,0,0,636,642,EKRUP IJUHDNIHC TNASAV,,359,316,675,642,1317
Yavatmal,,,Ralegaon (ST),77,,40,842,0,0,842,854,EKRUP IJUHDNIHC TNASAV,,424,458,882,854,1736
Yavatmal,,,Ralegaon (ST),77,,41,844,0,0,844,845,EKRUP IJUHDNIHC TNASAV,,539,346,885,845,1730
Yavatmal,,,Ralegaon (ST),77,,42,306,0,0,306,307,EKRUP IJUHDNIHC TNASAV,,186,162,348,307,655
Yavatmal,,,Ralegaon (ST),77,,43,661,0,0,661,664,EKRUP IJUHDNIHC TNASAV,,565,139,704,664,1368
Yavatmal,,,Ralegaon (ST),77,,44,599,0,0,599,601,EKRUP IJUHDNIHC TNASAV,,153,490,643,601,1244
Yavatmal,,,Ralegaon (ST),77,,45,600,0,0,600,602,EKRUP IJUHDNIHC TNASAV,,388,257,645,602,1247
Yavatmal,,,Ralegaon (ST),77,,46,548,0,0,548,549,EKRUP IJUHDNIHC TNASAV,,245,349,594,549,1143
Yavatmal,,,Ralegaon (ST),77,,47,704,0,0,704,709,EKRUP IJUHDNIHC TNASAV,,247,504,751,709,1460
Yavatmal,,,Ralegaon (ST),77,,48,864,0,0,864,866,EKRUP IJUHDNIHC TNASAV,,428,484,912,866,1778
Yavatmal,,,Ralegaon (ST),77,,49,618,0,0,618,619,EKRUP IJUHDNIHC TNASAV,,392,275,667,619,1286
Yavatmal,,,Ralegaon (ST),77,,50,645,0,0,645,655,EKRUP IJUHDNIHC TNASAV,,319,376,695,655,1350
Yavatmal,,,Ralegaon (ST),77,,51,638,0,0,638,640,EKRUP IJUHDNIHC TNASAV,,362,327,689,640,1329
Yavatmal,,,Ralegaon (ST),77,,52,847,0,0,847,854,EKRUP IJUHDNIHC TNASAV,,446,453,899,854,1753
Yavatmal,,,Ralegaon (ST),77,,53,739,0,0,739,748,EKRUP IJUHDNIHC TNASAV,,254,538,792,748,1540
Yavatmal,,,Ralegaon (ST),77,,54,764,0,0,764,768,EKRUP IJUHDNIHC TNASAV,,325,493,818,768,1586
Yavatmal,,,Ralegaon (ST),77,,55,528,0,0,528,530,EKRUP IJUHDNIHC TNASAV,,159,424,583,530,1113
Yavatmal,,,Ralegaon (ST),77,,56,744,0,0,744,749,EKRUP IJUHDNIHC TNASAV,,426,374,800,749,1549
Yavatmal,,,Ralegaon (ST),77,,57,904,0,0,904,907,EKRUP IJUHDNIHC TNASAV,,266,695,961,907,1868
Yavatmal,,,Ralegaon (ST),77,,59,549,0,0,549,557,EKRUP IJUHDNIHC TNASAV,,284,324,608,557,1165
Yavatmal,,,Ralegaon (ST),77,,60,430,0,0,430,432,EKRUP IJUHDNIHC TNASAV,,252,238,490,432,922
Yavatmal,,,Ralegaon (ST),77,,61,274,0,0,274,274,EKRUP IJUHDNIHC TNASAV,,102,233,335,274,609
Yavatmal,,,Ralegaon (ST),77,,62,766,0,0,766,768,EKRUP IJUHDNIHC TNASAV,,396,432,828,768,1596
Yavatmal,,,Ralegaon (ST),77,,63,668,0,0,668,668,EKRUP IJUHDNIHC TNASAV,,395,336,731,668,1399
Yavatmal,,,Ralegaon (ST),77,,64,926,0,0,926,928,EKRUP IJUHDNIHC TNASAV,,456,534,990,928,1918
Yavatmal,,,Ralegaon (ST),77,,65,970,0,0,970,973,EKRUP IJUHDNIHC TNASAV,,359,676,1035,973,2008
Yavatmal,,,Ralegaon (ST),77,,66,824,0,0,824,828,EKRUP IJUHDNIHC TNASAV,,536,354,890,828,1718
Yavatmal,,,Ralegaon (ST),77,,67,818,0,0,818,822,EKRUP IJUHDNIHC TNASAV,,541,344,885,822,1707
Yavatmal,,,Ralegaon (ST),77,,68,506,0,0,506,508,EKRUP IJUHDNIHC TNASAV,,264,310,574,508,1082
Yavatmal,,,Ralegaon (ST),77,,69,333,0,0,333,333,EKRUP IJUHDNIHC TNASAV,,230,172,402,333,735
Yavatmal,,,Ralegaon (ST),77,,70,705,0,0,705,705,EKRUP IJUHDNIHC TNASAV,,176,599,775,705,1480
Yavatmal,,,Ralegaon (ST),77,,71,693,0,0,693,694,EKRUP IJUHDNIHC TNASAV,,440,324,764,694,1458
Yavatmal,,,Ralegaon (ST),77,,72,886,0,0,886,890,EKRUP IJUHDNIHC TNASAV,,653,305,958,890,1848
Yavatmal,,,Ralegaon (ST),77,,73,537,0,0,537,540,EKRUP IJUHDNIHC TNASAV,,171,439,610,540,1150
Yavatmal,,,Ralegaon (ST),77,,74,638,0,0,638,640,EKRUP IJUHDNIHC TNASAV,,267,445,712,640,1352
Yavatmal,,,Ralegaon (ST),77,,75,693,0,0,693,696,EKRUP IJUHDNIHC TNASAV,,309,459,768,696,1464
Yavatmal,,,Ralegaon (ST),77,,76,971,0,0,971,981,EKRUP IJUHDNIHC TNASAV,,384,663,1047,981,2028
Yavatmal,,,Ralegaon (ST),77,,77,735,0,0,735,740,EKRUP IJUHDNIHC TNASAV,,282,530,812,740,1552
Yavatmal,,,Ralegaon (ST),77,,78,285,0,0,285,286,EKRUP IJUHDNIHC TNASAV,,170,193,363,286,649
Yavatmal,,,Ralegaon (ST),77,,79,526,0,0,526,529,EKRUP IJUHDNIHC TNASAV,,297,308,605,529,1134
Yavatmal,,,Ralegaon (ST),77,,80,664,0,0,664,669,EKRUP IJUHDNIHC TNASAV,,280,464,744,669,1413
Yavatmal,,,Ralegaon (ST),77,,81,398,0,0,398,399,EKRUP IJUHDNIHC TNASAV,,116,363,479,399,878
Yavatmal,,,Ralegaon (ST),77,,82,621,0,0,621,626,EKRUP IJUHDNIHC TNASAV,,431,272,703,626,1329
Yavatmal,,,Ralegaon (ST),77,,83,616,0,0,616,617,EKRUP IJUHDNIHC TNASAV,,385,314,699,617,1316
Yavatmal,,,Ralegaon (ST),77,,84,333,0,0,333,333,EKRUP IJUHDNIHC TNASAV,,175,242,417,333,750
Yavatmal,,,Ralegaon (ST),77,,85,691,0,0,691,692,EKRUP IJUHDNIHC TNASAV,,325,451,776,692,1468
Yavatmal,,,Ralegaon (ST),77,,86,515,0,0,515,520,EKRUP IJUHDNIHC TNASAV,,238,363,601,520,1121
Yavatmal,,,Ralegaon (ST),77,,88,499,0,0,499,500,EKRUP IJUHDNIHC TNASAV,,269,318,587,500,1087
Yavatmal,,,Ralegaon (ST),77,,89,440,0,0,440,441,EKRUP IJUHDNIHC TNASAV,,130,399,529,441,970
Yavatmal,,,Ralegaon (ST),77,,90,464,0,0,464,466,EKRUP IJUHDNIHC TNASAV,,113,441,554,466,1020
Yavatmal,,,Ralegaon (ST),77,,91,473,0,0,473,475,EKRUP IJUHDNIHC TNASAV,,197,367,564,475,1039
Yavatmal,,,Ralegaon (ST),77,,92,348,0,0,348,349,EKRUP IJUHDNIHC TNASAV,,144,296,440,349,789
Yavatmal,,,Ralegaon (ST),77,,93,381,0,0,381,386,EKRUP IJUHDNIHC TNASAV,,216,258,474,386,860
Yavatmal,,,Ralegaon (ST),77,,94,525,0,0,525,527,EKRUP IJUHDNIHC TNASAV,,306,313,619,527,1146
Yavatmal,,,Ralegaon (ST),77,,95,842,0,0,842,848,EKRUP IJUHDNIHC TNASAV,,495,442,937,848,1785
Yavatmal,,,Ralegaon (ST),77,,96,719,0,0,719,725,EKRUP IJUHDNIHC TNASAV,,377,438,815,725,1540
Yavatmal,,,Ralegaon (ST),77,,97,333,0,0,333,337,EKRUP IJUHDNIHC TNASAV,,128,302,430,337,767
Yavatmal,,,Ralegaon (ST),77,,98,591,0,0,591,598,EKRUP IJUHDNIHC TNASAV,,365,324,689,598,1287
Yavatmal,,,Ralegaon (ST),77,,99,454,0,0,454,456,EKRUP IJUHDNIHC TNASAV,,194,359,553,456,1009
Yavatmal,,,Ralegaon (ST),77,,100,510,0,0,510,512,EKRUP IJUHDNIHC TNASAV,,99,511,610,512,1122
Yavatmal,,,Ralegaon (ST),77,,101,663,0,0,663,681,EKRUP IJUHDNIHC TNASAV,,385,379,764,681,1445
Yavatmal,,,Ralegaon (ST),77,,102,531,0,0,531,531,EKRUP IJUHDNIHC TNASAV,,321,312,633,531,1164
Yavatmal,,,Ralegaon (ST),77,,103,640,0,0,640,646,EKRUP IJUHDNIHC TNASAV,,366,377,743,646,1389
Yavatmal,,,Ralegaon (ST),77,,104,745,0,0,745,751,EKRUP IJUHDNIHC TNASAV,,577,272,849,751,1600
Yavatmal,,,Ralegaon (ST),77,,105,636,0,0,636,643,EKRUP IJUHDNIHC TNASAV,,407,334,741,643,1384
Yavatmal,,,Ralegaon (ST),77,,106,787,0,0,787,789,EKRUP IJUHDNIHC TNASAV,,474,419,893,789,1682
Yavatmal,,,Ralegaon (ST),77,,107,795,0,0,795,798,EKRUP IJUHDNIHC TNASAV,,524,378,902,798,1700
Yavatmal,,,Ralegaon (ST),77,,108,506,0,0,506,510,EKRUP IJUHDNIHC TNASAV,,333,281,614,510,1124
Yavatmal,,,Ralegaon (ST),77,,109,688,0,0,688,693,EKRUP IJUHDNIHC TNASAV,,444,353,797,693,1490
Yavatmal,,,Ralegaon (ST),77,,110,854,0,0,854,862,EKRUP IJUHDNIHC TNASAV,,354,610,964,862,1826
Yavatmal,,,Ralegaon (ST),77,,111,586,0,0,586,588,EKRUP IJUHDNIHC TNASAV,,50,647,697,588,1285
Yavatmal,,,Ralegaon (ST),77,,112,556,0,0,556,559,EKRUP IJUHDNIHC TNASAV,,258,410,668,559,1227
Yavatmal,,,Ralegaon (ST),77,,113,812,0,0,812,816,EKRUP IJUHDNIHC TNASAV,,429,496,925,816,1741
Yavatmal,,,Ralegaon (ST),77,,114,674,0,0,674,679,EKRUP IJUHDNIHC TNASAV,,496,292,788,679,1467
Yavatmal,,,Ralegaon (ST),77,,115,620,0,0,620,628,EKRUP IJUHDNIHC TNASAV,,368,367,735,628,1363
Yavatmal,,,Ralegaon (ST),77,,117,885,0,0,885,898,EKRUP IJUHDNIHC TNASAV,,578,424,1002,898,1900
Yavatmal,,,Ralegaon (ST),77,,118,539,0,0,539,541,EKRUP IJUHDNIHC TNASAV,,237,420,657,541,1198
Yavatmal,,,Ralegaon (ST),77,,119,452,0,0,452,454,EKRUP IJUHDNIHC TNASAV,,279,292,571,454,1025
Yavatmal,,,Ralegaon (ST),77,,120,563,0,0,563,564,EKRUP IJUHDNIHC TNASAV,,290,393,683,564,1247
Yavatmal,,,Ralegaon (ST),77,,121,464,0,0,464,468,EKRUP IJUHDNIHC TNASAV,,224,361,585,468,1053
Yavatmal,,,Ralegaon (ST),77,,122,444,0,0,444,450,EKRUP IJUHDNIHC TNASAV,,130,436,566,450,1016
Yavatmal,,,Ralegaon (ST),77,,123,576,0,0,576,580,EKRUP IJUHDNIHC TNASAV,,317,382,699,580,1279
Yavatmal,,,Ralegaon (ST),77,,124,517,0,0,517,519,EKRUP IJUHDNIHC TNASAV,,290,351,641,519,1160
Yavatmal,,,Ralegaon (ST),77,,125,829,0,0,829,836,EKRUP IJUHDNIHC TNASAV,,593,361,954,836,1790
Yavatmal,,,Ralegaon (ST),77,,126,485,0,0,485,490,EKRUP IJUHDNIHC TNASAV,,323,288,611,490,1101
Yavatmal,,,Ralegaon (ST),77,,127,473,0,0,473,475,EKRUP IJUHDNIHC TNASAV,,262,338,600,475,1075
Yavatmal,,,Ralegaon (ST),77,,128,751,0,0,751,760,EKRUP IJUHDNIHC TNASAV,,401,478,879,760,1639
Yavatmal,,,Ralegaon (ST),77,,129,556,0,0,556,561,EKRUP IJUHDNIHC TNASAV,,226,459,685,561,1246
Yavatmal,,,Ralegaon (ST),77,,130,456,0,0,456,460,EKRUP IJUHDNIHC TNASAV,,115,471,586,460,1046
Yavatmal,,,Ralegaon (ST),77,,131,657,0,0,657,662,EKRUP IJUHDNIHC TNASAV,,272,516,788,662,1450
Yavatmal,,,Ralegaon (ST),77,,132,586,0,0,586,589,EKRUP IJUHDNIHC TNASAV,,158,560,718,589,1307
Yavatmal,,,Ralegaon (ST),77,,133,707,0,0,707,720,EKRUP IJUHDNIHC TNASAV,,219,621,840,720,1560
Yavatmal,,,Ralegaon (ST),77,,134,571,0,0,571,576,EKRUP IJUHDNIHC TNASAV,,229,476,705,576,1281
Yavatmal,,,Ralegaon (ST),77,,135,776,0,0,776,779,EKRUP IJUHDNIHC TNASAV,,259,652,911,779,1690
Yavatmal,,,Ralegaon (ST),77,,136,442,0,0,442,445,EKRUP IJUHDNIHC TNASAV,,267,311,578,445,1023
Yavatmal,,,Ralegaon (ST),77,,137,509,0,0,509,514,EKRUP IJUHDNIHC TNASAV,,227,419,646,514,1160
Yavatmal,,,Ralegaon (ST),77,,138,642,0,0,642,648,EKRUP IJUHDNIHC TNASAV,,410,370,780,648,1428
Yavatmal,,,Ralegaon (ST),77,,139,532,0,0,532,536,EKRUP IJUHDNIHC TNASAV,,217,454,671,536,1207
Yavatmal,,,Ralegaon (ST),77,,140,912,0,0,912,918,EKRUP IJUHDNIHC TNASAV,,566,486,1052,918,1970
Yavatmal,,,Ralegaon (ST),77,,141,702,0,0,702,709,EKRUP IJUHDNIHC TNASAV,,423,420,843,709,1552
Yavatmal,,,Ralegaon (ST),77,,142,313,0,0,313,315,EKRUP IJUHDNIHC TNASAV,,119,336,455,315,770
Yavatmal,,,Ralegaon (ST),77,,143,460,0,0,460,464,EKRUP IJUHDNIHC TNASAV,,235,368,603,464,1067
Yavatmal,,,Ralegaon (ST),77,,144,609,0,0,609,624,EKRUP IJUHDNIHC TNASAV,,144,609,753,624,1377
Yavatmal,,,Ralegaon (ST),77,,146,299,0,0,299,302,EKRUP IJUHDNIHC TNASAV,,99,346,445,302,747
Yavatmal,,,Ralegaon (ST),77,,147,652,0,0,652,666,EKRUP IJUHDNIHC TNASAV,,251,548,799,666,1465
Yavatmal,,,Ralegaon (ST),77,,148,521,0,0,521,526,EKRUP IJUHDNIHC TNASAV,,216,453,669,526,1195
Yavatmal,,,Ralegaon (ST),77,,149,565,0,0,565,566,EKRUP IJUHDNIHC TNASAV,,296,418,714,566,1280
Yavatmal,,,Ralegaon (ST),77,,150,455,0,0,455,456,EKRUP IJUHDNIHC TNASAV,,236,369,605,456,1061
Yavatmal,,,Ralegaon (ST),77,,151,727,0,0,727,730,EKRUP IJUHDNIHC TNASAV,,424,454,878,730,1608
Yavatmal,,,Ralegaon (ST),77,,152,350,0,0,350,356,EKRUP IJUHDNIHC TNASAV,,121,381,502,356,858
Yavatmal,,,Ralegaon (ST),77,,153,646,0,0,646,651,EKRUP IJUHDNIHC TNASAV,,257,542,799,651,1450
Yavatmal,,,Ralegaon (ST),77,,154,385,0,0,385,386,EKRUP IJUHDNIHC TNASAV,,238,301,539,386,925
Yavatmal,,,Ralegaon (ST),77,,155,701,0,0,701,704,EKRUP IJUHDNIHC TNASAV,,290,566,856,704,1560
Yavatmal,,,Ralegaon (ST),77,,156,324,0,0,324,325,EKRUP IJUHDNIHC TNASAV,,66,414,480,325,805
Yavatmal,,,Ralegaon (ST),77,,157,582,0,0,582,588,EKRUP IJUHDNIHC TNASAV,,283,456,739,588,1327
Yavatmal,,,Ralegaon (ST),77,,158,735,0,0,735,739,EKRUP IJUHDNIHC TNASAV,,289,604,893,739,1632
Yavatmal,,,Ralegaon (ST),77,,159,660,0,0,660,662,EKRUP IJUHDNIHC TNASAV,,173,646,819,662,1481
Yavatmal,,,Ralegaon (ST),77,,160,307,0,0,307,309,EKRUP IJUHDNIHC TNASAV,,76,391,467,309,776
Yavatmal,,,Ralegaon (ST),77,,161,775,0,0,775,783,EKRUP IJUHDNIHC TNASAV,,368,568,936,783,1719
Yavatmal,,,Ralegaon (ST),77,,162,531,0,0,531,536,EKRUP IJUHDNIHC TNASAV,,279,414,693,536,1229
Yavatmal,,,Ralegaon (ST),77,,163,758,0,0,758,765,EKRUP IJUHDNIHC TNASAV,,298,623,921,765,1686
Yavatmal,,,Ralegaon (ST),77,,164,604,0,0,604,610,EKRUP IJUHDNIHC TNASAV,,195,573,768,610,1378
Yavatmal,,,Ralegaon (ST),77,,165,518,0,0,518,525,EKRUP IJUHDNIHC TNASAV,,232,451,683,525,1208
Yavatmal,,,Ralegaon (ST),77,,166,580,0,0,580,584,EKRUP IJUHDNIHC TNASAV,,345,401,746,584,1330
Yavatmal,,,Ralegaon (ST),77,,167,552,0,0,552,556,EKRUP IJUHDNIHC TNASAV,,403,316,719,556,1275
Yavatmal,,,Ralegaon (ST),77,,168,584,0,0,584,590,EKRUP IJUHDNIHC TNASAV,,379,373,752,590,1342
Yavatmal,,,Ralegaon (ST),77,,169,957,0,0,957,958,EKRUP IJUHDNIHC TNASAV,,651,475,1126,958,2084
Yavatmal,,,Ralegaon (ST),77,,170,484,0,0,484,487,EKRUP IJUHDNIHC TNASAV,,179,475,654,487,1141
Yavatmal,,,Ralegaon (ST),77,,171,448,0,0,448,451,EKRUP IJUHDNIHC TNASAV,,194,425,619,451,1070
Yavatmal,,,Ralegaon (ST),77,,172,436,0,0,436,441,EKRUP IJUHDNIHC TNASAV,,285,323,608,441,1049
Yavatmal,,,Ralegaon (ST),77,,173,690,0,0,690,698,EKRUP IJUHDNIHC TNASAV,,433,430,863,698,1561
Yavatmal,,,Ralegaon (ST),77,,175,772,0,0,772,776,EKRUP IJUHDNIHC TNASAV,,355,592,947,776,1723
Yavatmal,,,Ralegaon (ST),77,,176,791,0,0,791,800,EKRUP IJUHDNIHC TNASAV,,428,539,967,800,1767
Yavatmal,,,Ralegaon (ST),77,,177,550,0,0,550,552,EKRUP IJUHDNIHC TNASAV,,165,562,727,552,1279
Yavatmal,,,Ralegaon (ST),77,,178,530,0,0,530,532,EKRUP IJUHDNIHC TNASAV,,207,501,708,532,1240
Yavatmal,,,Ralegaon (ST),77,,179,469,0,0,469,470,EKRUP IJUHDNIHC TNASAV,,269,379,648,470,1118
Yavatmal,,,Ralegaon (ST),77,,180,589,0,0,589,591,EKRUP IJUHDNIHC TNASAV,,319,450,769,591,1360
Yavatmal,,,Ralegaon (ST),77,,181,242,0,0,242,245,EKRUP IJUHDNIHC TNASAV,,61,362,423,245,668
Yavatmal,,,Ralegaon (ST),77,,182,571,0,0,571,573,EKRUP IJUHDNIHC TNASAV,,95,658,753,573,1326
Yavatmal,,,Ralegaon (ST),77,,183,832,0,0,832,843,EKRUP IJUHDNIHC TNASAV,,501,514,1015,843,1858
Yavatmal,,,Ralegaon (ST),77,,184,423,0,0,423,424,EKRUP IJUHDNIHC TNASAV,,197,410,607,424,1031
Yavatmal,,,Ralegaon (ST),77,,185,619,0,0,619,624,EKRUP IJUHDNIHC TNASAV,,87,717,804,624,1428
Yavatmal,,,Ralegaon (ST),77,,186,289,0,0,289,289,EKRUP IJUHDNIHC TNASAV,,192,283,475,289,764
Yavatmal,,,Ralegaon (ST),77,,187,779,0,0,779,780,EKRUP IJUHDNIHC TNASAV,,331,635,966,780,1746
Yavatmal,,,Ralegaon (ST),77,,188,374,0,0,374,377,EKRUP IJUHDNIHC TNASAV,,245,317,562,377,939
Yavatmal,,,Ralegaon (ST),77,,189,834,0,0,834,839,EKRUP IJUHDNIHC TNASAV,,240,783,1023,839,1862
Yavatmal,,,Ralegaon (ST),77,,190,619,0,0,619,626,EKRUP IJUHDNIHC TNASAV,,189,620,809,626,1435
Yavatmal,,,Ralegaon (ST),77,,191,412,0,0,412,417,EKRUP IJUHDNIHC TNASAV,,190,413,603,417,1020
Yavatmal,,,Ralegaon (ST),77,,192,833,0,0,833,835,EKRUP IJUHDNIHC TNASAV,,277,748,1025,835,1860
Yavatmal,,,Ralegaon (ST),77,,193,324,0,0,324,326,EKRUP IJUHDNIHC TNASAV,,174,343,517,326,843
Yavatmal,,,Ralegaon (ST),77,,194,782,0,0,782,785,EKRUP IJUHDNIHC TNASAV,,340,636,976,785,1761
Yavatmal,,,Ralegaon (ST),77,,195,900,0,0,900,902,EKRUP IJUHDNIHC TNASAV,,524,571,1095,902,1997
Yavatmal,,,Ralegaon (ST),77,,196,280,0,0,280,280,EKRUP IJUHDNIHC TNASAV,,204,272,476,280,756
Yavatmal,,,Ralegaon (ST),77,,197,726,0,0,726,731,EKRUP IJUHDNIHC TNASAV,,290,633,923,731,1654
Yavatmal,,,Ralegaon (ST),77,,198,472,0,0,472,475,EKRUP IJUHDNIHC TNASAV,,158,512,670,475,1145
Yavatmal,,,Ralegaon (ST),77,,199,696,0,0,696,704,EKRUP IJUHDNIHC TNASAV,,200,695,895,704,1599
Yavatmal,,,Ralegaon (ST),77,,200,412,0,0,412,419,EKRUP IJUHDNIHC TNASAV,,188,424,612,419,1031
Yavatmal,,,Ralegaon (ST),77,,201,706,0,0,706,708,EKRUP IJUHDNIHC TNASAV,,258,649,907,708,1615
Yavatmal,,,Ralegaon (ST),77,,202,292,0,0,292,292,EKRUP IJUHDNIHC TNASAV,,144,350,494,292,786
Yavatmal,,,Ralegaon (ST),77,,204,704,0,0,704,710,EKRUP IJUHDNIHC TNASAV,,327,581,908,710,1618
Yavatmal,,,Ralegaon (ST),77,,205,913,0,0,913,916,EKRUP IJUHDNIHC TNASAV,,519,599,1118,916,2034
Yavatmal,,,Ralegaon (ST),77,,206,901,0,0,901,911,EKRUP IJUHDNIHC TNASAV,,448,659,1107,911,2018
Yavatmal,,,Ralegaon (ST),77,,207,838,0,0,838,845,EKRUP IJUHDNIHC TNASAV,,437,608,1045,845,1890
Yavatmal,,,Ralegaon (ST),77,,208,870,0,0,870,876,EKRUP IJUHDNIHC TNASAV,,380,698,1078,876,1954
Yavatmal,,,Ralegaon (ST),77,,209,918,0,0,918,921,EKRUP IJUHDNIHC TNASAV,,486,641,1127,921,2048
Yavatmal,,,Ralegaon (ST),77,,210,707,0,0,707,710,EKRUP IJUHDNIHC TNASAV,,417,500,917,710,1627
Yavatmal,,,Ralegaon (ST),77,,211,658,0,0,658,658,EKRUP IJUHDNIHC TNASAV,,265,604,869,658,1527
Yavatmal,,,Ralegaon (ST),77,,212,704,0,0,704,708,EKRUP IJUHDNIHC TNASAV,,374,542,916,708,1624
Yavatmal,,,Ralegaon (ST),77,,213,720,0,0,720,722,EKRUP IJUHDNIHC TNASAV,,384,549,933,722,1655
Yavatmal,,,Ralegaon (ST),77,,214,699,0,0,699,702,EKRUP IJUHDNIHC TNASAV,,309,604,913,702,1615
Yavatmal,,,Ralegaon (ST),77,,215,780,0,0,780,781,EKRUP IJUHDNIHC TNASAV,,412,583,995,781,1776
Yavatmal,,,Ralegaon (ST),77,,216,605,0,0,605,605,EKRUP IJUHDNIHC TNASAV,,293,528,821,605,1426
Yavatmal,,,Ralegaon (ST),77,,217,528,0,0,528,531,EKRUP IJUHDNIHC TNASAV,,269,476,745,531,1276
Yavatmal,,,Ralegaon (ST),77,,218,502,0,0,502,503,EKRUP IJUHDNIHC TNASAV,,196,524,720,503,1223
Yavatmal,,,Ralegaon (ST),77,,219,377,0,0,377,382,EKRUP IJUHDNIHC TNASAV,,186,410,596,382,978
Yavatmal,,,Ralegaon (ST),77,,220,396,0,0,396,396,EKRUP IJUHDNIHC TNASAV,,185,431,616,396,1012
Yavatmal,,,Ralegaon (ST),77,,221,596,0,0,596,605,EKRUP IJUHDNIHC TNASAV,,206,611,817,605,1422
Yavatmal,,,Ralegaon (ST),77,,222,722,0,0,722,723,EKRUP IJUHDNIHC TNASAV,,396,548,944,723,1667
Yavatmal,,,Ralegaon (ST),77,,223,662,0,0,662,672,EKRUP IJUHDNIHC TNASAV,,200,685,885,672,1557
Yavatmal,,,Ralegaon (ST),77,,224,823,0,0,823,826,EKRUP IJUHDNIHC TNASAV,,412,635,1047,826,1873
Yavatmal,,,Ralegaon (ST),77,,225,720,0,0,720,727,EKRUP IJUHDNIHC TNASAV,,312,633,945,727,1672
Yavatmal,,,Ralegaon (ST),77,,226,557,0,0,557,562,EKRUP IJUHDNIHC TNASAV,,291,492,783,562,1345
Yavatmal,,,Ralegaon (ST),77,,227,683,0,0,683,684,EKRUP IJUHDNIHC TNASAV,,305,605,910,684,1594
Yavatmal,,,Ralegaon (ST),77,,228,353,0,0,353,355,EKRUP IJUHDNIHC TNASAV,,141,440,581,355,936
Yavatmal,,,Ralegaon (ST),77,,229,261,0,0,261,263,EKRUP IJUHDNIHC TNASAV,,193,297,490,263,753
Yavatmal,,,Ralegaon (ST),77,,230,732,0,0,732,738,EKRUP IJUHDNIHC TNASAV,,217,745,962,738,1700
Yavatmal,,,Ralegaon (ST),77,,231,446,0,0,446,447,EKRUP IJUHDNIHC TNASAV,,194,483,677,447,1124
Yavatmal,,,Ralegaon (ST),77,,233,710,0,0,710,712,EKRUP IJUHDNIHC TNASAV,,217,726,943,712,1655
Yavatmal,,,Ralegaon (ST),77,,234,441,0,0,441,444,EKRUP IJUHDNIHC TNASAV,,238,437,675,444,1119
Yavatmal,,,Ralegaon (ST),77,,235,444,0,0,444,445,EKRUP IJUHDNIHC TNASAV,,155,524,679,445,1124
Yavatmal,,,Ralegaon (ST),77,,236,759,0,0,759,763,EKRUP IJUHDNIHC TNASAV,,433,562,995,763,1758
Yavatmal,,,Ralegaon (ST),77,,237,702,0,0,702,705,EKRUP IJUHDNIHC TNASAV,,478,461,939,705,1644
Yavatmal,,,Ralegaon (ST),77,,238,569,0,0,569,571,EKRUP IJUHDNIHC TNASAV,,307,500,807,571,1378
Yavatmal,,,Ralegaon (ST),77,,239,764,0,0,764,770,EKRUP IJUHDNIHC TNASAV,,486,517,1003,770,1773
Yavatmal,,,Ralegaon (ST),77,,240,931,0,0,931,940,EKRUP IJUHDNIHC TNASAV,,480,691,1171,940,2111
Yavatmal,,,Ralegaon (ST),77,,241,401,0,0,401,407,EKRUP IJUHDNIHC TNASAV,,253,389,642,407,1049
Yavatmal,,,Ralegaon (ST),77,,242,431,0,0,431,434,EKRUP IJUHDNIHC TNASAV,,237,436,673,434,1107
Yavatmal,,,Ralegaon (ST),77,,243,575,0,0,575,578,EKRUP IJUHDNIHC TNASAV,,286,532,818,578,1396
Yavatmal,,,Ralegaon (ST),77,,244,615,0,0,615,617,EKRUP IJUHDNIHC TNASAV,,352,507,859,617,1476
Yavatmal,,,Ralegaon (ST),77,,245,416,0,0,416,418,EKRUP IJUHDNIHC TNASAV,,262,399,661,418,1079
Yavatmal,,,Ralegaon (ST),77,,246,429,0,0,429,433,EKRUP IJUHDNIHC TNASAV,,254,421,675,433,1108
Yavatmal,,,Ralegaon (ST),77,,247,652,0,0,652,656,EKRUP IJUHDNIHC TNASAV,,295,604,899,656,1555
Yavatmal,,,Ralegaon (ST),77,,248,584,0,0,584,586,EKRUP IJUHDNIHC TNASAV,,231,601,832,586,1418
Yavatmal,,,Ralegaon (ST),77,,249,805,0,0,805,816,EKRUP IJUHDNIHC TNASAV,,445,609,1054,816,1870
Yavatmal,,,Ralegaon (ST),77,,250,634,0,0,634,636,EKRUP IJUHDNIHC TNASAV,,339,545,884,636,1520
Yavatmal,,,Ralegaon (ST),77,,251,605,0,0,605,607,EKRUP IJUHDNIHC TNASAV,,231,625,856,607,1463
Yavatmal,,,Ralegaon (ST),77,,252,550,0,0,550,553,EKRUP IJUHDNIHC TNASAV,,255,547,802,553,1355
Yavatmal,,,Ralegaon (ST),77,,253,528,0,0,528,531,EKRUP IJUHDNIHC TNASAV,,177,604,781,531,1312
Yavatmal,,,Ralegaon (ST),77,,254,590,0,0,590,594,EKRUP IJUHDNIHC TNASAV,,208,636,844,594,1438
Yavatmal,,,Ralegaon (ST),77,,255,616,0,0,616,618,EKRUP IJUHDNIHC TNASAV,,252,619,871,618,1489
Yavatmal,,,Ralegaon (ST),77,,256,558,0,0,558,562,EKRUP IJUHDNIHC TNASAV,,318,496,814,562,1376
Yavatmal,,,Ralegaon (ST),77,,257,371,0,0,371,375,EKRUP IJUHDNIHC TNASAV,,223,405,628,375,1003
Yavatmal,,,Ralegaon (ST),77,,258,685,0,0,685,690,EKRUP IJUHDNIHC TNASAV,,167,776,943,690,1633
Yavatmal,,,Ralegaon (ST),77,,259,589,0,0,589,592,EKRUP IJUHDNIHC TNASAV,,162,686,848,592,1440
Yavatmal,,,Ralegaon (ST),77,,260,513,0,0,513,516,EKRUP IJUHDNIHC TNASAV,,269,504,773,516,1289
Yavatmal,,,Ralegaon (ST),77,,262,441,0,0,441,442,EKRUP IJUHDNIHC TNASAV,,161,542,703,442,1145
Yavatmal,,,Ralegaon (ST),77,,263,449,0,0,449,452,EKRUP IJUHDNIHC TNASAV,,164,548,712,452,1164
Yavatmal,,,Ralegaon (ST),77,,264,522,0,0,522,526,EKRUP IJUHDNIHC TNASAV,,53,733,786,526,1312
Yavatmal,,,Ralegaon (ST),77,,265,672,0,0,672,681,EKRUP IJUHDNIHC TNASAV,,286,651,937,681,1618
Yavatmal,,,Ralegaon (ST),77,,266,482,0,0,482,490,EKRUP IJUHDNIHC TNASAV,,250,498,748,490,1238
Yavatmal,,,Ralegaon (ST),77,,267,774,0,0,774,778,EKRUP IJUHDNIHC TNASAV,,394,647,1041,778,1819
Yavatmal,,,Ralegaon (ST),77,,268,714,0,0,714,719,EKRUP IJUHDNIHC TNASAV,,400,582,982,719,1701
Yavatmal,,,Ralegaon (ST),77,,269,364,0,0,364,364,EKRUP IJUHDNIHC TNASAV,,248,385,633,364,997
Yavatmal,,,Ralegaon (ST),77,,270,898,0,0,898,904,EKRUP IJUHDNIHC TNASAV,,377,791,1168,904,2072
Yavatmal,,,Ralegaon (ST),77,,271,547,0,0,547,551,EKRUP IJUHDNIHC TNASAV,,294,524,818,551,1369
Yavatmal,,,Ralegaon (ST),77,,272,370,0,0,370,372,EKRUP IJUHDNIHC TNASAV,,141,501,642,372,1014
Yavatmal,,,Ralegaon (ST),77,,273,691,0,0,691,696,EKRUP IJUHDNIHC TNASAV,,170,794,964,696,1660
Yavatmal,,,Ralegaon (ST),77,,274,795,0,0,795,797,EKRUP IJUHDNIHC TNASAV,,306,763,1069,797,1866
Yavatmal,,,Ralegaon (ST),77,,275,718,0,0,718,719,EKRUP IJUHDNIHC TNASAV,,289,704,993,719,1712
Yavatmal,,,Ralegaon (ST),77,,276,867,0,0,867,870,EKRUP IJUHDNIHC TNASAV,,546,597,1143,870,2013
Yavatmal,,,Ralegaon (ST),77,,277,826,0,0,826,834,EKRUP IJUHDNIHC TNASAV,,423,680,1103,834,1937
Yavatmal,,,Ralegaon (ST),77,,278,468,0,0,468,470,EKRUP IJUHDNIHC TNASAV,,215,531,746,470,1216
Yavatmal,,,Ralegaon (ST),77,,279,640,0,0,640,643,EKRUP IJUHDNIHC TNASAV,,324,595,919,643,1562
Yavatmal,,,Ralegaon (ST),77,,280,568,0,0,568,570,EKRUP IJUHDNIHC TNASAV,,258,590,848,570,1418
Yavatmal,,,Ralegaon (ST),77,,281,556,0,0,556,559,EKRUP IJUHDNIHC TNASAV,,269,568,837,559,1396
Yavatmal,,,Ralegaon (ST),77,,282,518,0,0,518,521,EKRUP IJUHDNIHC TNASAV,,238,562,800,521,1321
Yavatmal,,,Ralegaon (ST),77,,283,998,0,0,998,1005,EKRUP IJUHDNIHC TNASAV,,665,616,1281,1005,2286
Yavatmal,,,Ralegaon (ST),77,,284,605,0,0,605,617,EKRUP IJUHDNIHC TNASAV,,154,735,889,617,1506
Yavatmal,,,Ralegaon (ST),77,,285,673,0,0,673,679,EKRUP IJUHDNIHC TNASAV,,188,770,958,679,1637
Yavatmal,,,Ralegaon (ST),77,,286,480,0,0,480,482,EKRUP IJUHDNIHC TNASAV,,262,504,766,482,1248
Yavatmal,,,Ralegaon (ST),77,,287,536,0,0,536,541,EKRUP IJUHDNIHC TNASAV,,205,618,823,541,1364
Yavatmal,,,Ralegaon (ST),77,,288,645,0,0,645,647,EKRUP IJUHDNIHC TNASAV,,272,661,933,647,1580
Yavatmal,,,Ralegaon (ST),77,,289,308,0,0,308,312,EKRUP IJUHDNIHC TNASAV,,153,444,597,312,909
Yavatmal,,,Ralegaon (ST),77,,291,400,0,0,400,403,EKRUP IJUHDNIHC TNASAV,,143,548,691,403,1094
Yavatmal,,,Ralegaon (ST),77,,292,714,0,0,714,720,EKRUP IJUHDNIHC TNASAV,,188,818,1006,720,1726
Yavatmal,,,Ralegaon (ST),77,,293,478,0,0,478,482,EKRUP IJUHDNIHC TNASAV,,168,603,771,482,1253
Yavatmal,,,Ralegaon (ST),77,,294,522,0,0,522,526,EKRUP IJUHDNIHC TNASAV,,280,536,816,526,1342
Yavatmal,,,Ralegaon (ST),77,,295,439,0,0,439,441,EKRUP IJUHDNIHC TNASAV,,226,508,734,441,1175
Yavatmal,,,Ralegaon (ST),77,,296,848,0,0,848,851,EKRUP IJUHDNIHC TNASAV,,362,782,1144,851,1995
Yavatmal,,,Ralegaon (ST),77,,297,569,0,0,569,572,EKRUP IJUHDNIHC TNASAV,,291,575,866,572,1438
Yavatmal,,,Ralegaon (ST),77,,298,651,0,0,651,653,EKRUP IJUHDNIHC TNASAV,,324,625,949,653,1602
Yavatmal,,,Ralegaon (ST),77,,299,925,0,0,925,932,EKRUP IJUHDNIHC TNASAV,,427,797,1224,932,2156
Yavatmal,,,Ralegaon (ST),77,,300,492,0,0,492,493,EKRUP IJUHDNIHC TNASAV,,230,562,792,493,1285
Yavatmal,,,Ralegaon (ST),77,,301,841,0,0,841,847,EKRUP IJUHDNIHC TNASAV,,358,784,1142,847,1989
Yavatmal,,,Ralegaon (ST),77,,302,819,0,0,819,826,EKRUP IJUHDNIHC TNASAV,,339,782,1121,826,1947
Yavatmal,,,Ralegaon (ST),77,,303,341,0,0,341,344,EKRUP IJUHDNIHC TNASAV,,101,543,644,344,988
Yavatmal,,,Ralegaon (ST),77,,304,703,0,0,703,706,EKRUP IJUHDNIHC TNASAV,,374,633,1007,706,1713
Yavatmal,,,Ralegaon (ST),77,,305,716,0,0,716,718,EKRUP IJUHDNIHC TNASAV,,376,645,1021,718,1739
Yavatmal,,,Ralegaon (ST),77,,306,783,0,0,783,787,EKRUP IJUHDNIHC TNASAV,,362,727,1089,787,1876
Yavatmal,,,Ralegaon (ST),77,,307,725,0,0,725,729,EKRUP IJUHDNIHC TNASAV,,325,707,1032,729,1761
Yavatmal,,,Ralegaon (ST),77,,308,674,0,0,674,674,EKRUP IJUHDNIHC TNASAV,,450,532,982,674,1656
Yavatmal,,,Ralegaon (ST),77,,309,627,0,0,627,630,EKRUP IJUHDNIHC TNASAV,,454,482,936,630,1566
Yavatmal,,,Ralegaon (ST),77,,310,722,0,0,722,726,EKRUP IJUHDNIHC TNASAV,,360,672,1032,726,1758
Yavatmal,,,Ralegaon (ST),77,,311,663,0,0,663,663,EKRUP IJUHDNIHC TNASAV,,240,734,974,663,1637
Yavatmal,,,Ralegaon (ST),77,,312,839,0,0,839,847,EKRUP IJUHDNIHC TNASAV,,420,731,1151,847,1998
Yavatmal,,,Ralegaon (ST),77,,313,602,0,0,602,606,EKRUP IJUHDNIHC TNASAV,,340,575,915,606,1521
Yavatmal,,,Ralegaon (ST),77,,314,669,0,0,669,673,EKRUP IJUHDNIHC TNASAV,,258,725,983,673,1656
Yavatmal,,,Ralegaon (ST),77,,315,460,0,0,460,466,EKRUP IJUHDNIHC TNASAV,,203,572,775,466,1241
Yavatmal,,,Ralegaon (ST),77,,316,594,0,0,594,600,EKRUP IJUHDNIHC TNASAV,,316,594,910,600,1510
Yavatmal,,,Ralegaon (ST),77,,317,782,0,0,782,784,EKRUP IJUHDNIHC TNASAV,,418,681,1099,784,1883
Yavatmal,,,Ralegaon (ST),77,,318,548,0,0,548,550,EKRUP IJUHDNIHC TNASAV,,171,695,866,550,1416
Yavatmal,,,Ralegaon (ST),77,,320,585,0,0,585,588,EKRUP IJUHDNIHC TNASAV,,209,696,905,588,1493
Yavatmal,,,Ralegaon (ST),77,,321,611,0,0,611,613,EKRUP IJUHDNIHC TNASAV,,194,738,932,613,1545
Yavatmal,,,Ralegaon (ST),77,,322,765,0,0,765,768,EKRUP IJUHDNIHC TNASAV,,462,625,1087,768,1855
Yavatmal,,,Ralegaon (ST),77,,323,954,0,0,954,959,EKRUP IJUHDNIHC TNASAV,,545,732,1277,959,2236
Yavatmal,,,Ralegaon (ST),77,,324,593,0,0,593,598,EKRUP IJUHDNIHC TNASAV,,293,624,917,598,1515
Yavatmal,,,Ralegaon (ST),77,,325,398,0,0,398,399,EKRUP IJUHDNIHC TNASAV,,178,545,723,399,1122
Yavatmal,,,Ralegaon (ST),77,,326,805,0,0,805,807,EKRUP IJUHDNIHC TNASAV,,465,666,1131,807,1938
Yavatmal,,,Ralegaon (ST),77,,327,665,0,0,665,667,EKRUP IJUHDNIHC TNASAV,,264,728,992,667,1659
Yavatmal,,,Ralegaon (ST),77,,328,829,0,0,829,831,EKRUP IJUHDNIHC TNASAV,,391,766,1157,831,1988
Yavatmal,,,Ralegaon (ST),77,,329,517,0,0,517,519,EKRUP IJUHDNIHC TNASAV,,268,578,846,519,1365
Yavatmal,,,Ralegaon (ST),77,,330,618,0,0,618,621,EKRUP IJUHDNIHC TNASAV,,392,556,948,621,1569
Yavatmal,,,Ralegaon (ST),77,,331,627,0,0,627,631,EKRUP IJUHDNIHC TNASAV,,455,503,958,631,1589
Yavatmal,,,Ralegaon (ST),77,,332,637,0,0,637,643,EKRUP IJUHDNIHC TNASAV,,382,587,969,643,1612
Yavatmal,,,Ralegaon (ST),77,,333,667,0,0,667,668,EKRUP IJUHDNIHC TNASAV,,366,634,1000,668,1668
Yavatmal,,,Ralegaon (ST),77,,334,797,0,0,797,802,EKRUP IJUHDNIHC TNASAV,,499,632,1131,802,1933
Yavatmal,,,Ralegaon (ST),77,,335,672,0,0,672,672,EKRUP IJUHDNIHC TNASAV,,312,695,1007,672,1679
Yavatmal,,,Ralegaon (ST),77,,336,460,0,0,460,461,EKRUP IJUHDNIHC TNASAV,,181,615,796,461,1257
Yavatmal,,,Ralegaon (ST),77,,337,650,0,0,650,655,EKRUP IJUHDNIHC TNASAV,,254,733,987,655,1642
Yavatmal,,,Ralegaon (ST),77,,338,679,0,0,679,683,EKRUP IJUHDNIHC TNASAV,,317,700,1017,683,1700
Yavatmal,,,Ralegaon (ST),77,,339,271,0,0,271,273,EKRUP IJUHDNIHC TNASAV,,96,514,610,273,883
Yavatmal,,,Ralegaon (ST),77,,340,284,0,0,284,284,EKRUP IJUHDNIHC TNASAV,,115,509,624,284,908
Yavatmal,,,Ralegaon (ST),77,,341,567,0,0,567,568,EKRUP IJUHDNIHC TNASAV,,118,790,908,568,1476
Yavatmal,,,Ralegaon (ST),77,,342,481,0,0,481,483,EKRUP IJUHDNIHC TNASAV,,170,653,823,483,1306
Yavatmal,,,Ralegaon (ST),77,,343,716,0,0,716,720,EKRUP IJUHDNIHC TNASAV,,256,803,1059,720,1779
Yavatmal,,,Ralegaon (ST),77,,344,757,0,0,757,762,EKRUP IJUHDNIHC TNASAV,,163,938,1101,762,1863
Yavatmal,,,Ralegaon (ST),77,,345,765,0,0,765,773,EKRUP IJUHDNIHC TNASAV,,85,1025,1110,773,1883
Yavatmal,,,Ralegaon (ST),77,,346,493,0,0,493,495,EKRUP IJUHDNIHC TNASAV,,198,641,839,495,1334
Yavatmal,,,Ralegaon (ST),77,,347,738,0,0,738,743,EKRUP IJUHDNIHC TNASAV,,269,816,1085,743,1828
Yavatmal,,,Ralegaon (ST),77,,349,238,0,0,238,239,EKRUP IJUHDNIHC TNASAV,,148,439,587,239,826
Yavatmal,,,Ralegaon (ST),77,,350,743,0,0,743,748,EKRUP IJUHDNIHC TNASAV,,310,783,1093,748,1841
TOTAL,,,,,,,204751,0,0,204751,206014,,,97589,166325,263914,206014,469928
