District Name,District No,Jilha,Constituency Name,Constituency No,Total No. of Electors,Serial Poll,Total No. Valid Votes,No. of Rejected Votes,NOTA,Total,No. of Tendered Votes,Elected Person Name,Party Name of Elected Person,No. of Valid Votes Cast in Favour of Elected Person,Other Candidate Votes,Total EVM Votes,Total Postal ballot votes,Total Votes Polled
Nanded,,,Bhokar,85,,1,0,1,0,1,0,RAWLATAJ OARTNAKAYRUS DASARPIAS,,458,92,550,0,550
Nanded,,,Bhokar,85,,2,26,1,0,27,0,RAWLATAJ OARTNAKAYRUS DASARPIAS,,261,316,577,0,577
Nanded,,,Bhokar,85,,3,117,1,0,118,1,RAWLATAJ OARTNAKAYRUS DASARPIAS,,222,327,549,1,550
Nanded,,,Bhokar,85,,4,8,1,0,9,0,RAWLATAJ OARTNAKAYRUS DASARPIAS,,200,233,433,0,433
Nanded,,,Bhokar,85,,5,7,0,0,7,1,RAWLATAJ OARTNAKAYRUS DASARPIAS,,395,408,803,1,804
Nanded,,,Bhokar,85,,6,148,0,0,148,0,RAWLATAJ OARTNAKAYRUS DASARPIAS,,245,273,518,0,518
Nanded,,,Bhokar,85,,7,1,1,0,2,0,RAWLATAJ OARTNAKAYRUS DASARPIAS,,422,187,609,0,609
Nanded,,,Bhokar,85,,8,0,0,0,0,0,RAWLATAJ OARTNAKAYRUS DASARPIAS,,338,175,513,0,513
Nanded,,,Bhokar,85,,9,2,0,0,2,0,RAWLATAJ OARTNAKAYRUS DASARPIAS,,592,365,957,0,957
Nanded,,,Bhokar,85,,10,15,0,0,15,1,RAWLATAJ OARTNAKAYRUS DASARPIAS,,202,46,248,1,249
Nanded,,,Bhokar,85,,11,13,1,0,14,0,RAWLATAJ OARTNAKAYRUS DASARPIAS,,420,253,673,0,673
Nanded,,,Bhokar,85,,12,9,0,0,9,0,RAWLATAJ OARTNAKAYRUS DASARPIAS,,196,102,298,0,298
Nanded,,,Bhokar,85,,13,11,1,0,12,0,RAWLATAJ OARTNAKAYRUS DASARPIAS,,447,294,741,0,741
Nanded,,,Bhokar,85,,14,11,2,0,13,0,RAWLATAJ OARTNAKAYRUS DASARPIAS,,442,126,568,0,568
Nanded,,,Bhokar,85,,15,7,0,0,7,0,RAWLATAJ OARTNAKAYRUS DASARPIAS,,300,169,469,0,469
Nanded,,,Bhokar,85,,16,0,0,0,0,0,RAWLATAJ OARTNAKAYRUS DASARPIAS,,362,174,536,0,536
Nanded,,,Bhokar,85,,17,33,0,0,33,1,RAWLATAJ OARTNAKAYRUS DASARPIAS,,251,71,322,1,323
Nanded,,,Bhokar,85,,18,13,1,0,14,0,RAWLATAJ OARTNAKAYRUS DASARPIAS,,473,171,644,0,644
Nanded,,,Bhokar,85,,19,1,2,0,3,0,RAWLATAJ OARTNAKAYRUS DASARPIAS,,421,153,574,0,574
Nanded,,,Bhokar,85,,20,7,1,0,8,3,RAWLATAJ OARTNAKAYRUS DASARPIAS,,457,137,594,3,597
Nanded,,,Bhokar,85,,21,5,3,0,8,0,RAWLATAJ OARTNAKAYRUS DASARPIAS,,380,193,573,0,573
Nanded,,,Bhokar,85,,22,2,1,0,3,1,RAWLATAJ OARTNAKAYRUS DASARPIAS,,472,201,673,1,674
Nanded,,,Bhokar,85,,23,5,0,0,5,0,RAWLATAJ OARTNAKAYRUS DASARPIAS,,527,192,719,0,719
Nanded,,,Bhokar,85,,24,34,6,0,40,2,RAWLATAJ OARTNAKAYRUS DASARPIAS,,472,165,637,2,639
Nanded,,,Bhokar,85,,25,9,0,0,9,0,RAWLATAJ OARTNAKAYRUS DASARPIAS,,632,155,787,0,787
Nanded,,,Bhokar,85,,26,43,0,0,43,0,RAWLATAJ OARTNAKAYRUS DASARPIAS,,385,241,626,0,626
Nanded,,,Bhokar,85,,27,1,0,0,1,0,RAWLATAJ OARTNAKAYRUS DASARPIAS,,449,253,702,0,702
Nanded,,,Bhokar,85,,28,111,2,0,113,0,RAWLATAJ OARTNAKAYRUS DASARPIAS,,313,431,744,0,744
Nanded,,,Bhokar,85,,29,3,3,0,6,0,RAWLATAJ OARTNAKAYRUS DASARPIAS,,565,304,869,0,869
Nanded,,,Bhokar,85,,30,171,1,0,172,0,RAWLATAJ OARTNAKAYRUS DASARPIAS,,350,510,860,0,860
Nanded,,,Bhokar,85,,31,43,0,0,43,0,RAWLATAJ OARTNAKAYRUS DASARPIAS,,373,582,955,0,955
Nanded,,,Bhokar,85,,32,1,0,0,1,0,RAWLATAJ OARTNAKAYRUS DASARPIAS,,435,598,1033,0,1033
Nanded,,,Bhokar,85,,33,27,1,0,28,0,RAWLATAJ OARTNAKAYRUS DASARPIAS,,246,571,817,0,817
Nanded,,,Bhokar,85,,34,81,2,0,83,0,RAWLATAJ OARTNAKAYRUS DASARPIAS,,329,573,902,0,902
Nanded,,,Bhokar,85,,35,99,1,0,100,2,RAWLATAJ OARTNAKAYRUS DASARPIAS,,370,558,928,2,930
Nanded,,,Bhokar,85,,36,41,2,0,43,1,RAWLATAJ OARTNAKAYRUS DASARPIAS,,232,694,926,1,927
Nanded,,,Bhokar,85,,37,2,0,0,2,0,RAWLATAJ OARTNAKAYRUS DASARPIAS,,192,870,1062,0,1062
Nanded,,,Bhokar,85,,38,23,3,0,26,1,RAWLATAJ OARTNAKAYRUS DASARPIAS,,192,695,887,1,888
Nanded,,,Bhokar,85,,39,3,1,0,4,0,RAWLATAJ OARTNAKAYRUS DASARPIAS,,180,659,839,0,839
Nanded,,,Bhokar,85,,40,0,0,0,0,0,RAWLATAJ OARTNAKAYRUS DASARPIAS,,180,649,829,0,829
Nanded,,,Bhokar,85,,41,3,3,0,6,0,RAWLATAJ OARTNAKAYRUS DASARPIAS,,272,483,755,0,755
Nanded,,,Bhokar,85,,42,0,0,0,0,1,RAWLATAJ OARTNAKAYRUS DASARPIAS,,402,246,648,1,649
Nanded,,,Bhokar,85,,43,4,0,0,4,0,RAWLATAJ OARTNAKAYRUS DASARPIAS,,201,621,822,0,822
Nanded,,,Bhokar,85,,44,4,0,0,4,0,RAWLATAJ OARTNAKAYRUS DASARPIAS,,511,375,886,0,886
Nanded,,,Bhokar,85,,45,3,0,0,3,0,RAWLATAJ OARTNAKAYRUS DASARPIAS,,653,83,736,0,736
Nanded,,,Bhokar,85,,46,3,2,0,5,0,RAWLATAJ OARTNAKAYRUS DASARPIAS,,604,93,697,0,697
Nanded,,,Bhokar,85,,47,95,2,0,97,0,RAWLATAJ OARTNAKAYRUS DASARPIAS,,349,209,558,0,558
Nanded,,,Bhokar,85,,48,22,1,0,23,0,RAWLATAJ OARTNAKAYRUS DASARPIAS,,512,117,629,0,629
Nanded,,,Bhokar,85,,49,98,0,0,98,0,RAWLATAJ OARTNAKAYRUS DASARPIAS,,630,174,804,0,804
Nanded,,,Bhokar,85,,50,103,0,0,103,0,RAWLATAJ OARTNAKAYRUS DASARPIAS,,375,235,610,0,610
Nanded,,,Bhokar,85,,51,46,1,0,47,1,RAWLATAJ OARTNAKAYRUS DASARPIAS,,646,210,856,1,857
Nanded,,,Bhokar,85,,52,117,1,0,118,0,RAWLATAJ OARTNAKAYRUS DASARPIAS,,329,265,594,0,594
Nanded,,,Bhokar,85,,53,21,2,0,23,3,RAWLATAJ OARTNAKAYRUS DASARPIAS,,465,325,790,3,793
Nanded,,,Bhokar,85,,54,11,0,0,11,0,RAWLATAJ OARTNAKAYRUS DASARPIAS,,332,529,861,0,861
Nanded,,,Bhokar,85,,55,24,0,0,24,0,RAWLATAJ OARTNAKAYRUS DASARPIAS,,460,278,738,0,738
Nanded,,,Bhokar,85,,56,37,0,0,37,1,RAWLATAJ OARTNAKAYRUS DASARPIAS,,622,239,861,1,862
Nanded,,,Bhokar,85,,57,8,1,0,9,0,RAWLATAJ OARTNAKAYRUS DASARPIAS,,524,204,728,0,728
Nanded,,,Bhokar,85,,58,2,2,0,4,0,RAWLATAJ OARTNAKAYRUS DASARPIAS,,775,242,1017,0,1017
Nanded,,,Bhokar,85,,59,56,0,0,56,1,RAWLATAJ OARTNAKAYRUS DASARPIAS,,299,447,746,1,747
Nanded,,,Bhokar,85,,60,7,1,0,8,0,RAWLATAJ OARTNAKAYRUS DASARPIAS,,422,199,621,0,621
Nanded,,,Bhokar,85,,61,16,0,0,16,1,RAWLATAJ OARTNAKAYRUS DASARPIAS,,298,315,613,1,614
Nanded,,,Bhokar,85,,62,11,0,0,11,2,RAWLATAJ OARTNAKAYRUS DASARPIAS,,149,202,351,2,353
Nanded,,,Bhokar,85,,63,8,0,0,8,0,RAWLATAJ OARTNAKAYRUS DASARPIAS,,209,105,314,0,314
Nanded,,,Bhokar,85,,64,88,0,0,88,0,RAWLATAJ OARTNAKAYRUS DASARPIAS,,354,257,611,0,611
Nanded,,,Bhokar,85,,65,51,0,0,51,0,RAWLATAJ OARTNAKAYRUS DASARPIAS,,143,132,275,0,275
Nanded,,,Bhokar,85,,66,4,0,0,4,0,RAWLATAJ OARTNAKAYRUS DASARPIAS,,395,138,533,0,533
Nanded,,,Bhokar,85,,67,76,0,0,76,0,RAWLATAJ OARTNAKAYRUS DASARPIAS,,445,314,759,0,759
Nanded,,,Bhokar,85,,68,45,1,0,46,0,RAWLATAJ OARTNAKAYRUS DASARPIAS,,404,315,719,0,719
Nanded,,,Bhokar,85,,69,9,1,0,10,1,RAWLATAJ OARTNAKAYRUS DASARPIAS,,373,175,548,1,549
Nanded,,,Bhokar,85,,70,0,0,0,0,0,RAWLATAJ OARTNAKAYRUS DASARPIAS,,443,178,621,0,621
Nanded,,,Bhokar,85,,71,0,0,0,0,0,RAWLATAJ OARTNAKAYRUS DASARPIAS,,224,102,326,0,326
Nanded,,,Bhokar,85,,72,4,0,0,4,0,RAWLATAJ OARTNAKAYRUS DASARPIAS,,378,150,528,0,528
Nanded,,,Bhokar,85,,73,0,0,0,0,0,RAWLATAJ OARTNAKAYRUS DASARPIAS,,562,312,874,0,874
Nanded,,,Bhokar,85,,74,36,2,0,38,0,RAWLATAJ OARTNAKAYRUS DASARPIAS,,427,300,727,0,727
Nanded,,,Bhokar,85,,75,1,3,0,4,2,RAWLATAJ OARTNAKAYRUS DASARPIAS,,507,292,799,2,801
Nanded,,,Bhokar,85,,76,2,0,0,2,0,RAWLATAJ OARTNAKAYRUS DASARPIAS,,469,175,644,0,644
Nanded,,,Bhokar,85,,77,1,0,0,1,0,RAWLATAJ OARTNAKAYRUS DASARPIAS,,351,154,505,0,505
Nanded,,,Bhokar,85,,78,24,2,0,26,0,RAWLATAJ OARTNAKAYRUS DASARPIAS,,521,298,819,0,819
Nanded,,,Bhokar,85,,79,1,1,0,2,0,RAWLATAJ OARTNAKAYRUS DASARPIAS,,347,235,582,0,582
Nanded,,,Bhokar,85,,80,4,1,0,5,0,RAWLATAJ OARTNAKAYRUS DASARPIAS,,451,264,715,0,715
Nanded,,,Bhokar,85,,81,23,0,0,23,0,RAWLATAJ OARTNAKAYRUS DASARPIAS,,282,336,618,0,618
Nanded,,,Bhokar,85,,82,10,1,0,11,0,RAWLATAJ OARTNAKAYRUS DASARPIAS,,277,341,618,0,618
Nanded,,,Bhokar,85,,83,25,0,0,25,0,RAWLATAJ OARTNAKAYRUS DASARPIAS,,195,372,567,0,567
Nanded,,,Bhokar,85,,84,11,0,0,11,2,RAWLATAJ OARTNAKAYRUS DASARPIAS,,209,368,577,2,579
Nanded,,,Bhokar,85,,85,14,0,0,14,0,RAWLATAJ OARTNAKAYRUS DASARPIAS,,733,284,1017,0,1017
Nanded,,,Bhokar,85,,86,2,1,0,3,3,RAWLATAJ OARTNAKAYRUS DASARPIAS,,151,488,639,3,642
Nanded,,,Bhokar,85,,87,36,2,0,38,3,RAWLATAJ OARTNAKAYRUS DASARPIAS,,234,298,532,3,535
Nanded,,,Bhokar,85,,88,18,5,0,23,2,RAWLATAJ OARTNAKAYRUS DASARPIAS,,521,572,1093,2,1095
Nanded,,,Bhokar,85,,89,41,1,0,42,0,RAWLATAJ OARTNAKAYRUS DASARPIAS,,385,447,832,0,832
Nanded,,,Bhokar,85,,90,152,2,0,154,0,RAWLATAJ OARTNAKAYRUS DASARPIAS,,312,396,708,0,708
Nanded,,,Bhokar,85,,91,25,0,0,25,0,RAWLATAJ OARTNAKAYRUS DASARPIAS,,29,122,151,0,151
Nanded,,,Bhokar,85,,92,0,0,0,0,0,RAWLATAJ OARTNAKAYRUS DASARPIAS,,120,287,407,0,407
Nanded,,,Bhokar,85,,93,5,0,0,5,1,RAWLATAJ OARTNAKAYRUS DASARPIAS,,286,378,664,1,665
Nanded,,,Bhokar,85,,94,2,0,0,2,0,RAWLATAJ OARTNAKAYRUS DASARPIAS,,322,319,641,0,641
Nanded,,,Bhokar,85,,95,196,0,0,196,0,RAWLATAJ OARTNAKAYRUS DASARPIAS,,387,336,723,0,723
Nanded,,,Bhokar,85,,96,2,0,0,2,0,RAWLATAJ OARTNAKAYRUS DASARPIAS,,416,438,854,0,854
Nanded,,,Bhokar,85,,97,74,0,0,74,1,RAWLATAJ OARTNAKAYRUS DASARPIAS,,399,353,752,1,753
Nanded,,,Bhokar,85,,98,15,0,0,15,1,RAWLATAJ OARTNAKAYRUS DASARPIAS,,216,258,474,1,475
Nanded,,,Bhokar,85,,99,46,1,0,47,2,RAWLATAJ OARTNAKAYRUS DASARPIAS,,493,436,929,2,931
Nanded,,,Bhokar,85,,100,119,2,0,121,2,RAWLATAJ OARTNAKAYRUS DASARPIAS,,471,382,853,2,855
Nanded,,,Bhokar,85,,101,9,0,0,9,1,RAWLATAJ OARTNAKAYRUS DASARPIAS,,232,658,890,1,891
Nanded,,,Bhokar,85,,102,79,0,0,79,0,RAWLATAJ OARTNAKAYRUS DASARPIAS,,230,544,774,0,774
Nanded,,,Bhokar,85,,103,8,0,0,8,0,RAWLATAJ OARTNAKAYRUS DASARPIAS,,123,318,441,0,441
Nanded,,,Bhokar,85,,104,0,0,0,0,0,RAWLATAJ OARTNAKAYRUS DASARPIAS,,179,296,475,0,475
Nanded,,,Bhokar,85,,105,6,1,0,7,0,RAWLATAJ OARTNAKAYRUS DASARPIAS,,621,384,1005,0,1005
Nanded,,,Bhokar,85,,106,119,0,0,119,1,RAWLATAJ OARTNAKAYRUS DASARPIAS,,391,440,831,1,832
Nanded,,,Bhokar,85,,107,2,2,0,4,1,RAWLATAJ OARTNAKAYRUS DASARPIAS,,713,259,972,1,973
Nanded,,,Bhokar,85,,108,35,1,0,36,0,RAWLATAJ OARTNAKAYRUS DASARPIAS,,443,310,753,0,753
Nanded,,,Bhokar,85,,109,12,1,0,13,0,RAWLATAJ OARTNAKAYRUS DASARPIAS,,150,323,473,0,473
Nanded,,,Bhokar,85,,110,1,0,0,1,0,RAWLATAJ OARTNAKAYRUS DASARPIAS,,170,131,301,0,301
Nanded,,,Bhokar,85,,111,2,0,0,2,0,RAWLATAJ OARTNAKAYRUS DASARPIAS,,856,323,1179,0,1179
Nanded,,,Bhokar,85,,112,5,0,0,5,1,RAWLATAJ OARTNAKAYRUS DASARPIAS,,613,457,1070,1,1071
Nanded,,,Bhokar,85,,113,1,2,0,3,2,RAWLATAJ OARTNAKAYRUS DASARPIAS,,440,505,945,2,947
Nanded,,,Bhokar,85,,114,0,0,0,0,0,RAWLATAJ OARTNAKAYRUS DASARPIAS,,390,571,961,0,961
Nanded,,,Bhokar,85,,115,6,0,0,6,0,RAWLATAJ OARTNAKAYRUS DASARPIAS,,433,335,768,0,768
Nanded,,,Bhokar,85,,116,19,1,0,20,0,RAWLATAJ OARTNAKAYRUS DASARPIAS,,417,418,835,0,835
Nanded,,,Bhokar,85,,117,1,0,0,1,0,RAWLATAJ OARTNAKAYRUS DASARPIAS,,609,361,970,0,970
Nanded,,,Bhokar,85,,118,14,2,0,16,0,RAWLATAJ OARTNAKAYRUS DASARPIAS,,497,333,830,0,830
Nanded,,,Bhokar,85,,119,6,0,0,6,0,RAWLATAJ OARTNAKAYRUS DASARPIAS,,231,203,434,0,434
Nanded,,,Bhokar,85,,120,1,0,0,1,1,RAWLATAJ OARTNAKAYRUS DASARPIAS,,212,416,628,1,629
Nanded,,,Bhokar,85,,121,4,0,0,4,0,RAWLATAJ OARTNAKAYRUS DASARPIAS,,189,184,373,0,373
Nanded,,,Bhokar,85,,122,29,1,0,30,1,RAWLATAJ OARTNAKAYRUS DASARPIAS,,370,529,899,1,900
Nanded,,,Bhokar,85,,123,1,3,0,4,1,RAWLATAJ OARTNAKAYRUS DASARPIAS,,211,651,862,1,863
Nanded,,,Bhokar,85,,124,0,1,0,1,0,RAWLATAJ OARTNAKAYRUS DASARPIAS,,250,695,945,0,945
Nanded,,,Bhokar,85,,125,11,0,0,11,0,RAWLATAJ OARTNAKAYRUS DASARPIAS,,707,246,953,0,953
Nanded,,,Bhokar,85,,126,3,1,0,4,0,RAWLATAJ OARTNAKAYRUS DASARPIAS,,626,225,851,0,851
Nanded,,,Bhokar,85,,127,0,0,0,0,0,RAWLATAJ OARTNAKAYRUS DASARPIAS,,348,245,593,0,593
Nanded,,,Bhokar,85,,128,0,1,0,1,1,RAWLATAJ OARTNAKAYRUS DASARPIAS,,189,570,759,1,760
Nanded,,,Bhokar,85,,129,0,1,0,1,1,RAWLATAJ OARTNAKAYRUS DASARPIAS,,349,471,820,1,821
Nanded,,,Bhokar,85,,130,33,0,0,33,2,RAWLATAJ OARTNAKAYRUS DASARPIAS,,416,362,778,2,780
Nanded,,,Bhokar,85,,131,6,0,0,6,0,RAWLATAJ OARTNAKAYRUS DASARPIAS,,450,296,746,0,746
Nanded,,,Bhokar,85,,132,15,0,0,15,0,RAWLATAJ OARTNAKAYRUS DASARPIAS,,500,350,850,0,850
Nanded,,,Bhokar,85,,133,10,4,0,14,3,RAWLATAJ OARTNAKAYRUS DASARPIAS,,376,480,856,3,859
Nanded,,,Bhokar,85,,134,14,0,0,14,3,RAWLATAJ OARTNAKAYRUS DASARPIAS,,426,439,865,3,868
Nanded,,,Bhokar,85,,135,11,1,0,12,3,RAWLATAJ OARTNAKAYRUS DASARPIAS,,331,541,872,3,875
Nanded,,,Bhokar,85,,136,78,0,0,78,0,RAWLATAJ OARTNAKAYRUS DASARPIAS,,286,550,836,0,836
Nanded,,,Bhokar,85,,137,5,2,0,7,0,RAWLATAJ OARTNAKAYRUS DASARPIAS,,151,839,990,0,990
Nanded,,,Bhokar,85,,138,15,0,0,15,0,RAWLATAJ OARTNAKAYRUS DASARPIAS,,292,405,697,0,697
Nanded,,,Bhokar,85,,139,3,0,0,3,0,RAWLATAJ OARTNAKAYRUS DASARPIAS,,272,272,544,0,544
Nanded,,,Bhokar,85,,140,32,1,0,33,0,RAWLATAJ OARTNAKAYRUS DASARPIAS,,258,441,699,0,699
Nanded,,,Bhokar,85,,141,27,0,0,27,1,RAWLATAJ OARTNAKAYRUS DASARPIAS,,274,452,726,1,727
Nanded,,,Bhokar,85,,142,30,0,0,30,2,RAWLATAJ OARTNAKAYRUS DASARPIAS,,341,456,797,2,799
Nanded,,,Bhokar,85,,143,6,0,0,6,1,RAWLATAJ OARTNAKAYRUS DASARPIAS,,109,585,694,1,695
Nanded,,,Bhokar,85,,144,32,0,0,32,0,RAWLATAJ OARTNAKAYRUS DASARPIAS,,317,395,712,0,712
Nanded,,,Bhokar,85,,145,14,1,0,15,0,RAWLATAJ OARTNAKAYRUS DASARPIAS,,441,405,846,0,846
Nanded,,,Bhokar,85,,146,28,0,0,28,0,RAWLATAJ OARTNAKAYRUS DASARPIAS,,325,478,803,0,803
Nanded,,,Bhokar,85,,147,41,4,0,45,1,RAWLATAJ OARTNAKAYRUS DASARPIAS,,235,325,560,1,561
Nanded,,,Bhokar,85,,148,2,3,0,5,0,RAWLATAJ OARTNAKAYRUS DASARPIAS,,236,719,955,0,955
Nanded,,,Bhokar,85,,149,0,0,0,0,0,RAWLATAJ OARTNAKAYRUS DASARPIAS,,107,610,717,0,717
Nanded,,,Bhokar,85,,150,25,1,0,26,0,RAWLATAJ OARTNAKAYRUS DASARPIAS,,464,357,821,0,821
Nanded,,,Bhokar,85,,151,21,0,0,21,1,RAWLATAJ OARTNAKAYRUS DASARPIAS,,311,589,900,1,901
Nanded,,,Bhokar,85,,152,11,2,0,13,0,RAWLATAJ OARTNAKAYRUS DASARPIAS,,564,526,1090,0,1090
Nanded,,,Bhokar,85,,153,41,0,0,41,1,RAWLATAJ OARTNAKAYRUS DASARPIAS,,149,281,430,1,431
Nanded,,,Bhokar,85,,154,11,0,0,11,0,RAWLATAJ OARTNAKAYRUS DASARPIAS,,209,380,589,0,589
Nanded,,,Bhokar,85,,155,36,0,0,36,0,RAWLATAJ OARTNAKAYRUS DASARPIAS,,365,362,727,0,727
Nanded,,,Bhokar,85,,156,7,2,0,9,0,RAWLATAJ OARTNAKAYRUS DASARPIAS,,336,271,607,0,607
Nanded,,,Bhokar,85,,157,64,1,0,65,1,RAWLATAJ OARTNAKAYRUS DASARPIAS,,277,332,609,1,610
Nanded,,,Bhokar,85,,158,23,2,0,25,0,RAWLATAJ OARTNAKAYRUS DASARPIAS,,279,392,671,0,671
Nanded,,,Bhokar,85,,159,1,1,0,2,0,RAWLATAJ OARTNAKAYRUS DASARPIAS,,373,430,803,0,803
Nanded,,,Bhokar,85,,160,32,1,0,33,0,RAWLATAJ OARTNAKAYRUS DASARPIAS,,347,366,713,0,713
Nanded,,,Bhokar,85,,161,16,0,0,16,0,RAWLATAJ OARTNAKAYRUS DASARPIAS,,421,289,710,0,710
Nanded,,,Bhokar,85,,162,0,3,0,3,0,RAWLATAJ OARTNAKAYRUS DASARPIAS,,355,585,940,0,940
Nanded,,,Bhokar,85,,163,7,1,0,8,0,RAWLATAJ OARTNAKAYRUS DASARPIAS,,746,309,1055,0,1055
Nanded,,,Bhokar,85,,164,2,1,0,3,0,RAWLATAJ OARTNAKAYRUS DASARPIAS,,226,203,429,0,429
Nanded,,,Bhokar,85,,165,37,1,0,38,0,RAWLATAJ OARTNAKAYRUS DASARPIAS,,479,467,946,0,946
Nanded,,,Bhokar,85,,166,1,0,0,1,0,RAWLATAJ OARTNAKAYRUS DASARPIAS,,723,279,1002,0,1002
Nanded,,,Bhokar,85,,167,5,0,0,5,2,RAWLATAJ OARTNAKAYRUS DASARPIAS,,670,442,1112,2,1114
Nanded,,,Bhokar,85,,168,6,2,0,8,0,RAWLATAJ OARTNAKAYRUS DASARPIAS,,452,301,753,0,753
Nanded,,,Bhokar,85,,169,2,0,0,2,0,RAWLATAJ OARTNAKAYRUS DASARPIAS,,420,314,734,0,734
Nanded,,,Bhokar,85,,170,5,2,0,7,1,RAWLATAJ OARTNAKAYRUS DASARPIAS,,732,415,1147,1,1148
Nanded,,,Bhokar,85,,171,14,2,0,16,1,RAWLATAJ OARTNAKAYRUS DASARPIAS,,596,433,1029,1,1030
Nanded,,,Bhokar,85,,172,46,0,0,46,2,RAWLATAJ OARTNAKAYRUS DASARPIAS,,206,385,591,2,593
Nanded,,,Bhokar,85,,173,32,0,0,32,0,RAWLATAJ OARTNAKAYRUS DASARPIAS,,196,451,647,0,647
Nanded,,,Bhokar,85,,174,30,3,0,33,1,RAWLATAJ OARTNAKAYRUS DASARPIAS,,584,427,1011,1,1012
Nanded,,,Bhokar,85,,175,0,0,0,0,0,RAWLATAJ OARTNAKAYRUS DASARPIAS,,405,227,632,0,632
Nanded,,,Bhokar,85,,176,3,0,0,3,0,RAWLATAJ OARTNAKAYRUS DASARPIAS,,447,197,644,0,644
Nanded,,,Bhokar,85,,177,24,0,0,24,0,RAWLATAJ OARTNAKAYRUS DASARPIAS,,382,319,701,0,701
Nanded,,,Bhokar,85,,178,3,0,0,3,1,RAWLATAJ OARTNAKAYRUS DASARPIAS,,286,845,1131,1,1132
Nanded,,,Bhokar,85,,179,70,0,0,70,1,RAWLATAJ OARTNAKAYRUS DASARPIAS,,335,376,711,1,712
Nanded,,,Bhokar,85,,180,1,1,0,2,1,RAWLATAJ OARTNAKAYRUS DASARPIAS,,657,536,1193,1,1194
Nanded,,,Bhokar,85,,181,0,0,0,0,0,RAWLATAJ OARTNAKAYRUS DASARPIAS,,158,259,417,0,417
Nanded,,,Bhokar,85,,182,0,0,0,0,0,RAWLATAJ OARTNAKAYRUS DASARPIAS,,90,264,354,0,354
Nanded,,,Bhokar,85,,183,32,1,0,33,1,RAWLATAJ OARTNAKAYRUS DASARPIAS,,289,440,729,1,730
Nanded,,,Bhokar,85,,184,24,0,0,24,0,RAWLATAJ OARTNAKAYRUS DASARPIAS,,328,397,725,0,725
Nanded,,,Bhokar,85,,185,3,0,0,3,1,RAWLATAJ OARTNAKAYRUS DASARPIAS,,694,449,1143,1,1144
Nanded,,,Bhokar,85,,186,101,0,0,101,0,RAWLATAJ OARTNAKAYRUS DASARPIAS,,192,357,549,0,549
Nanded,,,Bhokar,85,,187,44,1,0,45,0,RAWLATAJ OARTNAKAYRUS DASARPIAS,,325,372,697,0,697
Nanded,,,Bhokar,85,,188,7,2,0,9,0,RAWLATAJ OARTNAKAYRUS DASARPIAS,,371,412,783,0,783
Nanded,,,Bhokar,85,,189,4,1,0,5,1,RAWLATAJ OARTNAKAYRUS DASARPIAS,,382,337,719,1,720
Nanded,,,Bhokar,85,,190,5,0,0,5,0,RAWLATAJ OARTNAKAYRUS DASARPIAS,,304,459,763,0,763
Nanded,,,Bhokar,85,,191,8,1,0,9,0,RAWLATAJ OARTNAKAYRUS DASARPIAS,,586,472,1058,0,1058
Nanded,,,Bhokar,85,,192,0,2,0,2,0,RAWLATAJ OARTNAKAYRUS DASARPIAS,,628,433,1061,0,1061
Nanded,,,Bhokar,85,,193,3,0,0,3,0,RAWLATAJ OARTNAKAYRUS DASARPIAS,,392,352,744,0,744
Nanded,,,Bhokar,85,,194,12,2,0,14,0,RAWLATAJ OARTNAKAYRUS DASARPIAS,,449,364,813,0,813
Nanded,,,Bhokar,85,,195,69,1,0,70,0,RAWLATAJ OARTNAKAYRUS DASARPIAS,,432,334,766,0,766
Nanded,,,Bhokar,85,,196,23,0,0,23,0,RAWLATAJ OARTNAKAYRUS DASARPIAS,,562,415,977,0,977
Nanded,,,Bhokar,85,,197,28,4,0,32,0,RAWLATAJ OARTNAKAYRUS DASARPIAS,,506,329,835,0,835
Nanded,,,Bhokar,85,,198,1,1,0,2,0,RAWLATAJ OARTNAKAYRUS DASARPIAS,,418,343,761,0,761
Nanded,,,Bhokar,85,,199,10,0,0,10,1,RAWLATAJ OARTNAKAYRUS DASARPIAS,,379,363,742,1,743
Nanded,,,Bhokar,85,,200,7,1,0,8,1,RAWLATAJ OARTNAKAYRUS DASARPIAS,,425,401,826,1,827
Nanded,,,Bhokar,85,,201,1,1,0,2,0,RAWLATAJ OARTNAKAYRUS DASARPIAS,,484,467,951,0,951
Nanded,,,Bhokar,85,,202,41,0,0,41,3,RAWLATAJ OARTNAKAYRUS DASARPIAS,,448,528,976,3,979
Nanded,,,Bhokar,85,,203,2,0,0,2,0,RAWLATAJ OARTNAKAYRUS DASARPIAS,,304,380,684,0,684
Nanded,,,Bhokar,85,,204,33,0,0,33,1,RAWLATAJ OARTNAKAYRUS DASARPIAS,,269,562,831,1,832
Nanded,,,Bhokar,85,,205,24,2,0,26,0,RAWLATAJ OARTNAKAYRUS DASARPIAS,,471,322,793,0,793
Nanded,,,Bhokar,85,,206,1,1,0,2,0,RAWLATAJ OARTNAKAYRUS DASARPIAS,,711,378,1089,0,1089
Nanded,,,Bhokar,85,,207,0,1,0,1,0,RAWLATAJ OARTNAKAYRUS DASARPIAS,,403,279,682,0,682
Nanded,,,Bhokar,85,,208,1,0,0,1,0,RAWLATAJ OARTNAKAYRUS DASARPIAS,,375,444,819,0,819
Nanded,,,Bhokar,85,,209,1,0,0,1,0,RAWLATAJ OARTNAKAYRUS DASARPIAS,,253,594,847,0,847
Nanded,,,Bhokar,85,,210,1,0,0,1,0,RAWLATAJ OARTNAKAYRUS DASARPIAS,,256,440,696,0,696
Nanded,,,Bhokar,85,,211,48,1,0,49,2,RAWLATAJ OARTNAKAYRUS DASARPIAS,,379,521,900,2,902
Nanded,,,Bhokar,85,,212,8,0,0,8,1,RAWLATAJ OARTNAKAYRUS DASARPIAS,,401,470,871,1,872
Nanded,,,Bhokar,85,,213,46,0,0,46,1,RAWLATAJ OARTNAKAYRUS DASARPIAS,,298,358,656,1,657
Nanded,,,Bhokar,85,,214,89,0,0,89,1,RAWLATAJ OARTNAKAYRUS DASARPIAS,,475,733,1208,1,1209
Nanded,,,Bhokar,85,,215,0,0,0,0,0,RAWLATAJ OARTNAKAYRUS DASARPIAS,,436,471,907,0,907
Nanded,,,Bhokar,85,,216,3,0,0,3,0,RAWLATAJ OARTNAKAYRUS DASARPIAS,,360,463,823,0,823
Nanded,,,Bhokar,85,,217,6,0,0,6,1,RAWLATAJ OARTNAKAYRUS DASARPIAS,,427,488,915,1,916
Nanded,,,Bhokar,85,,218,29,2,0,31,0,RAWLATAJ OARTNAKAYRUS DASARPIAS,,694,420,1114,0,1114
Nanded,,,Bhokar,85,,219,41,0,0,41,0,RAWLATAJ OARTNAKAYRUS DASARPIAS,,319,433,752,0,752
Nanded,,,Bhokar,85,,220,3,4,0,7,0,RAWLATAJ OARTNAKAYRUS DASARPIAS,,512,654,1166,0,1166
Nanded,,,Bhokar,85,,221,6,0,0,6,0,RAWLATAJ OARTNAKAYRUS DASARPIAS,,434,533,967,0,967
Nanded,,,Bhokar,85,,222,54,1,0,55,0,RAWLATAJ OARTNAKAYRUS DASARPIAS,,224,491,715,0,715
Nanded,,,Bhokar,85,,223,0,0,0,0,0,RAWLATAJ OARTNAKAYRUS DASARPIAS,,52,318,370,0,370
Nanded,,,Bhokar,85,,224,23,1,0,24,0,RAWLATAJ OARTNAKAYRUS DASARPIAS,,345,687,1032,0,1032
Nanded,,,Bhokar,85,,225,5,3,0,8,2,RAWLATAJ OARTNAKAYRUS DASARPIAS,,308,488,796,2,798
Nanded,,,Bhokar,85,,226,6,0,0,6,0,RAWLATAJ OARTNAKAYRUS DASARPIAS,,256,549,805,0,805
Nanded,,,Bhokar,85,,227,0,0,0,0,0,RAWLATAJ OARTNAKAYRUS DASARPIAS,,269,607,876,0,876
Nanded,,,Bhokar,85,,228,0,1,0,1,0,RAWLATAJ OARTNAKAYRUS DASARPIAS,,257,550,807,0,807
Nanded,,,Bhokar,85,,229,58,0,0,58,0,RAWLATAJ OARTNAKAYRUS DASARPIAS,,545,639,1184,0,1184
Nanded,,,Bhokar,85,,230,64,0,0,64,0,RAWLATAJ OARTNAKAYRUS DASARPIAS,,156,304,460,0,460
Nanded,,,Bhokar,85,,231,54,2,0,56,0,RAWLATAJ OARTNAKAYRUS DASARPIAS,,386,637,1023,0,1023
Nanded,,,Bhokar,85,,232,2,5,0,7,1,RAWLATAJ OARTNAKAYRUS DASARPIAS,,476,708,1184,1,1185
Nanded,,,Bhokar,85,,233,10,0,0,10,0,RAWLATAJ OARTNAKAYRUS DASARPIAS,,359,525,884,0,884
Nanded,,,Bhokar,85,,234,46,1,0,47,1,RAWLATAJ OARTNAKAYRUS DASARPIAS,,462,426,888,1,889
Nanded,,,Bhokar,85,,235,7,0,0,7,1,RAWLATAJ OARTNAKAYRUS DASARPIAS,,403,493,896,1,897
Nanded,,,Bhokar,85,,236,2,0,0,2,1,RAWLATAJ OARTNAKAYRUS DASARPIAS,,342,782,1124,1,1125
Nanded,,,Bhokar,85,,237,2,0,0,2,0,RAWLATAJ OARTNAKAYRUS DASARPIAS,,198,534,732,0,732
Nanded,,,Bhokar,85,,238,237,2,0,239,0,RAWLATAJ OARTNAKAYRUS DASARPIAS,,235,450,685,0,685
Nanded,,,Bhokar,85,,239,39,0,0,39,0,RAWLATAJ OARTNAKAYRUS DASARPIAS,,32,591,623,0,623
Nanded,,,Bhokar,85,,240,1,0,0,1,0,RAWLATAJ OARTNAKAYRUS DASARPIAS,,384,553,937,0,937
Nanded,,,Bhokar,85,,241,1,2,0,3,1,RAWLATAJ OARTNAKAYRUS DASARPIAS,,368,270,638,1,639
Nanded,,,Bhokar,85,,242,1,1,0,2,0,RAWLATAJ OARTNAKAYRUS DASARPIAS,,167,537,704,0,704
Nanded,,,Bhokar,85,,243,13,4,0,17,1,RAWLATAJ OARTNAKAYRUS DASARPIAS,,850,366,1216,1,1217
Nanded,,,Bhokar,85,,244,2,0,0,2,0,RAWLATAJ OARTNAKAYRUS DASARPIAS,,616,437,1053,0,1053
Nanded,,,Bhokar,85,,245,12,1,0,13,1,RAWLATAJ OARTNAKAYRUS DASARPIAS,,376,490,866,1,867
Nanded,,,Bhokar,85,,246,13,0,0,13,0,RAWLATAJ OARTNAKAYRUS DASARPIAS,,526,479,1005,0,1005
Nanded,,,Bhokar,85,,247,53,2,0,55,0,RAWLATAJ OARTNAKAYRUS DASARPIAS,,560,542,1102,0,1102
Nanded,,,Bhokar,85,,248,123,0,0,123,0,RAWLATAJ OARTNAKAYRUS DASARPIAS,,675,457,1132,0,1132
Nanded,,,Bhokar,85,,249,3,0,0,3,0,RAWLATAJ OARTNAKAYRUS DASARPIAS,,396,381,777,0,777
Nanded,,,Bhokar,85,,250,0,2,0,2,0,RAWLATAJ OARTNAKAYRUS DASARPIAS,,363,482,845,0,845
Nanded,,,Bhokar,85,,251,18,0,0,18,0,RAWLATAJ OARTNAKAYRUS DASARPIAS,,255,581,836,0,836
Nanded,,,Bhokar,85,,252,114,2,0,116,1,RAWLATAJ OARTNAKAYRUS DASARPIAS,,365,526,891,1,892
Nanded,,,Bhokar,85,,253,0,1,0,1,0,RAWLATAJ OARTNAKAYRUS DASARPIAS,,549,408,957,0,957
Nanded,,,Bhokar,85,,254,26,1,0,27,2,RAWLATAJ OARTNAKAYRUS DASARPIAS,,321,548,869,2,871
Nanded,,,Bhokar,85,,255,13,0,0,13,0,RAWLATAJ OARTNAKAYRUS DASARPIAS,,503,588,1091,0,1091
Nanded,,,Bhokar,85,,256,3,0,0,3,0,RAWLATAJ OARTNAKAYRUS DASARPIAS,,285,341,626,0,626
Nanded,,,Bhokar,85,,257,13,0,0,13,0,RAWLATAJ OARTNAKAYRUS DASARPIAS,,408,415,823,0,823
Nanded,,,Bhokar,85,,258,14,2,0,16,1,RAWLATAJ OARTNAKAYRUS DASARPIAS,,603,334,937,1,938
Nanded,,,Bhokar,85,,259,32,0,0,32,0,RAWLATAJ OARTNAKAYRUS DASARPIAS,,409,357,766,0,766
Nanded,,,Bhokar,85,,260,123,0,0,123,0,RAWLATAJ OARTNAKAYRUS DASARPIAS,,286,310,596,0,596
Nanded,,,Bhokar,85,,261,1,0,0,1,0,RAWLATAJ OARTNAKAYRUS DASARPIAS,,361,360,721,0,721
Nanded,,,Bhokar,85,,262,1,2,0,3,1,RAWLATAJ OARTNAKAYRUS DASARPIAS,,366,416,782,1,783
Nanded,,,Bhokar,85,,263,1,0,0,1,0,RAWLATAJ OARTNAKAYRUS DASARPIAS,,161,748,909,0,909
Nanded,,,Bhokar,85,,264,1,0,0,1,0,RAWLATAJ OARTNAKAYRUS DASARPIAS,,295,695,990,0,990
Nanded,,,Bhokar,85,,265,4,0,0,4,0,RAWLATAJ OARTNAKAYRUS DASARPIAS,,423,393,816,0,816
Nanded,,,Bhokar,85,,266,0,5,0,5,0,RAWLATAJ OARTNAKAYRUS DASARPIAS,,586,456,1042,0,1042
Nanded,,,Bhokar,85,,267,11,0,0,11,0,RAWLATAJ OARTNAKAYRUS DASARPIAS,,558,383,941,0,941
Nanded,,,Bhokar,85,,268,7,0,0,7,0,RAWLATAJ OARTNAKAYRUS DASARPIAS,,633,380,1013,0,1013
Nanded,,,Bhokar,85,,269,7,0,0,7,1,RAWLATAJ OARTNAKAYRUS DASARPIAS,,509,337,846,1,847
Nanded,,,Bhokar,85,,270,4,0,0,4,0,RAWLATAJ OARTNAKAYRUS DASARPIAS,,176,625,801,0,801
Nanded,,,Bhokar,85,,271,2,0,0,2,0,RAWLATAJ OARTNAKAYRUS DASARPIAS,,164,663,827,0,827
Nanded,,,Bhokar,85,,272,26,0,0,26,0,RAWLATAJ OARTNAKAYRUS DASARPIAS,,278,694,972,0,972
Nanded,,,Bhokar,85,,273,10,1,0,11,0,RAWLATAJ OARTNAKAYRUS DASARPIAS,,368,763,1131,0,1131
Nanded,,,Bhokar,85,,274,4,0,0,4,0,RAWLATAJ OARTNAKAYRUS DASARPIAS,,289,612,901,0,901
Nanded,,,Bhokar,85,,275,10,1,0,11,0,RAWLATAJ OARTNAKAYRUS DASARPIAS,,418,699,1117,0,1117
Nanded,,,Bhokar,85,,276,2,0,0,2,0,RAWLATAJ OARTNAKAYRUS DASARPIAS,,300,552,852,0,852
Nanded,,,Bhokar,85,,277,80,1,0,81,0,RAWLATAJ OARTNAKAYRUS DASARPIAS,,472,522,994,0,994
Nanded,,,Bhokar,85,,278,1,1,0,2,0,RAWLATAJ OARTNAKAYRUS DASARPIAS,,408,609,1017,0,1017
Nanded,,,Bhokar,85,,279,33,3,0,36,0,RAWLATAJ OARTNAKAYRUS DASARPIAS,,220,601,821,0,821
Nanded,,,Bhokar,85,,280,2,0,0,2,0,RAWLATAJ OARTNAKAYRUS DASARPIAS,,209,575,784,0,784
Nanded,,,Bhokar,85,,281,7,1,0,8,0,RAWLATAJ OARTNAKAYRUS DASARPIAS,,342,721,1063,0,1063
Nanded,,,Bhokar,85,,282,3,3,0,6,2,RAWLATAJ OARTNAKAYRUS DASARPIAS,,516,425,941,2,943
Nanded,,,Bhokar,85,,283,100,1,0,101,1,RAWLATAJ OARTNAKAYRUS DASARPIAS,,278,437,715,1,716
Nanded,,,Bhokar,85,,284,44,1,0,45,1,RAWLATAJ OARTNAKAYRUS DASARPIAS,,193,570,763,1,764
Nanded,,,Bhokar,85,,285,74,1,0,75,0,RAWLATAJ OARTNAKAYRUS DASARPIAS,,275,843,1118,0,1118
Nanded,,,Bhokar,85,,286,74,1,0,75,1,RAWLATAJ OARTNAKAYRUS DASARPIAS,,407,461,868,1,869
Nanded,,,Bhokar,85,,287,121,2,0,123,0,RAWLATAJ OARTNAKAYRUS DASARPIAS,,407,612,1019,0,1019
Nanded,,,Bhokar,85,,288,75,0,0,75,1,RAWLATAJ OARTNAKAYRUS DASARPIAS,,596,537,1133,1,1134
Nanded,,,Bhokar,85,,289,11,0,0,11,0,RAWLATAJ OARTNAKAYRUS DASARPIAS,,483,452,935,0,935
Nanded,,,Bhokar,85,,290,22,0,0,22,0,RAWLATAJ OARTNAKAYRUS DASARPIAS,,311,501,812,0,812
Nanded,,,Bhokar,85,,291,10,0,0,10,0,RAWLATAJ OARTNAKAYRUS DASARPIAS,,360,421,781,0,781
Nanded,,,Bhokar,85,,292,175,2,0,177,2,RAWLATAJ OARTNAKAYRUS DASARPIAS,,570,491,1061,2,1063
Nanded,,,Bhokar,85,,293,33,0,0,33,0,RAWLATAJ OARTNAKAYRUS DASARPIAS,,333,363,696,0,696
Nanded,,,Bhokar,85,,294,34,1,0,35,0,RAWLATAJ OARTNAKAYRUS DASARPIAS,,502,489,991,0,991
Nanded,,,Bhokar,85,,295,36,0,0,36,0,RAWLATAJ OARTNAKAYRUS DASARPIAS,,287,394,681,0,681
Nanded,,,Bhokar,85,,296,3,1,0,4,0,RAWLATAJ OARTNAKAYRUS DASARPIAS,,354,468,822,0,822
Nanded,,,Bhokar,85,,297,52,2,0,54,2,RAWLATAJ OARTNAKAYRUS DASARPIAS,,475,442,917,2,919
Nanded,,,Bhokar,85,,298,58,1,0,59,1,RAWLATAJ OARTNAKAYRUS DASARPIAS,,175,424,599,1,600
Nanded,,,Bhokar,85,,299,7,1,0,8,0,RAWLATAJ OARTNAKAYRUS DASARPIAS,,294,314,608,0,608
Nanded,,,Bhokar,85,,300,2,2,0,4,1,RAWLATAJ OARTNAKAYRUS DASARPIAS,,362,446,808,1,809
Nanded,,,Bhokar,85,,301,16,1,0,17,0,RAWLATAJ OARTNAKAYRUS DASARPIAS,,253,330,583,0,583
Nanded,,,Bhokar,85,,302,36,0,0,36,2,RAWLATAJ OARTNAKAYRUS DASARPIAS,,251,541,792,2,794
Nanded,,,Bhokar,85,,303,24,0,0,24,0,RAWLATAJ OARTNAKAYRUS DASARPIAS,,410,814,1224,0,1224
Nanded,,,Bhokar,85,,304,81,1,0,82,2,RAWLATAJ OARTNAKAYRUS DASARPIAS,,400,654,1054,2,1056
Nanded,,,Bhokar,85,,305,209,0,0,209,1,RAWLATAJ OARTNAKAYRUS DASARPIAS,,381,609,990,1,991
Nanded,,,Bhokar,85,,306,34,0,0,34,1,RAWLATAJ OARTNAKAYRUS DASARPIAS,,340,579,919,1,920
Nanded,,,Bhokar,85,,307,14,1,0,15,1,RAWLATAJ OARTNAKAYRUS DASARPIAS,,341,630,971,1,972
Nanded,,,Bhokar,85,,308,11,0,0,11,0,RAWLATAJ OARTNAKAYRUS DASARPIAS,,369,620,989,0,989
Nanded,,,Bhokar,85,,309,79,2,0,81,2,RAWLATAJ OARTNAKAYRUS DASARPIAS,,230,589,819,2,821
Nanded,,,Bhokar,85,,310,8,1,0,9,1,RAWLATAJ OARTNAKAYRUS DASARPIAS,,376,585,961,1,962
Nanded,,,Bhokar,85,,311,34,2,0,36,1,RAWLATAJ OARTNAKAYRUS DASARPIAS,,391,681,1072,1,1073
Nanded,,,Bhokar,85,,312,8,1,0,9,0,RAWLATAJ OARTNAKAYRUS DASARPIAS,,286,520,806,0,806
Nanded,,,Bhokar,85,,313,5,0,0,5,0,RAWLATAJ OARTNAKAYRUS DASARPIAS,,417,329,746,0,746
Nanded,,,Bhokar,85,,314,0,0,0,0,0,RAWLATAJ OARTNAKAYRUS DASARPIAS,,320,434,754,0,754
Nanded,,,Bhokar,85,,315,8,1,0,9,4,RAWLATAJ OARTNAKAYRUS DASARPIAS,,431,692,1123,4,1127
Nanded,,,Bhokar,85,,316,1,1,0,2,0,RAWLATAJ OARTNAKAYRUS DASARPIAS,,276,344,620,0,620
Nanded,,,Bhokar,85,,317,13,2,0,15,0,RAWLATAJ OARTNAKAYRUS DASARPIAS,,865,447,1312,0,1312
Nanded,,,Bhokar,85,,318,1,0,0,1,0,RAWLATAJ OARTNAKAYRUS DASARPIAS,,928,351,1279,0,1279
Nanded,,,Bhokar,85,,319,15,0,0,15,0,RAWLATAJ OARTNAKAYRUS DASARPIAS,,243,641,884,0,884
Nanded,,,Bhokar,85,,320,57,0,0,57,0,RAWLATAJ OARTNAKAYRUS DASARPIAS,,283,555,838,0,838
Nanded,,,Bhokar,85,,321,0,0,0,0,0,RAWLATAJ OARTNAKAYRUS DASARPIAS,,373,634,1007,0,1007
Nanded,,,Bhokar,85,,322,48,3,0,51,1,RAWLATAJ OARTNAKAYRUS DASARPIAS,,572,663,1235,1,1236
Nanded,,,Bhokar,85,,323,30,1,0,31,0,RAWLATAJ OARTNAKAYRUS DASARPIAS,,332,636,968,0,968
Nanded,,,Bhokar,85,,324,1,1,0,2,2,RAWLATAJ OARTNAKAYRUS DASARPIAS,,390,619,1009,2,1011
Nanded,,,Bhokar,85,,325,2,2,0,4,1,RAWLATAJ OARTNAKAYRUS DASARPIAS,,511,595,1106,1,1107
Nanded,,,Bhokar,85,,326,4,0,0,4,0,RAWLATAJ OARTNAKAYRUS DASARPIAS,,458,597,1055,0,1055
Nanded,,,Bhokar,85,,327,78,0,0,78,1,RAWLATAJ OARTNAKAYRUS DASARPIAS,,328,552,880,1,881
Nanded,,,Bhokar,85,,328,1,0,0,1,0,RAWLATAJ OARTNAKAYRUS DASARPIAS,,491,338,829,0,829
Nanded,,,Bhokar,85,,329,0,0,0,0,0,RAWLATAJ OARTNAKAYRUS DASARPIAS,,139,569,708,0,708
Nanded,,,Bhokar,85,,330,110,1,0,111,0,RAWLATAJ OARTNAKAYRUS DASARPIAS,,598,628,1226,0,1226
Nanded,,,Bhokar,85,,331,36,2,0,38,1,RAWLATAJ OARTNAKAYRUS DASARPIAS,,696,520,1216,1,1217
Nanded,,,Bhokar,85,,332,12,1,0,13,0,RAWLATAJ OARTNAKAYRUS DASARPIAS,,475,696,1171,0,1171
Nanded,,,Bhokar,85,,333,1,0,0,1,0,RAWLATAJ OARTNAKAYRUS DASARPIAS,,511,629,1140,0,1140
Nanded,,,Bhokar,85,,334,2,1,0,3,0,RAWLATAJ OARTNAKAYRUS DASARPIAS,,309,638,947,0,947
Nanded,,,Bhokar,85,,335,15,1,0,16,0,RAWLATAJ OARTNAKAYRUS DASARPIAS,,263,629,892,0,892
Nanded,,,Bhokar,85,,336,2,1,0,3,1,RAWLATAJ OARTNAKAYRUS DASARPIAS,,613,584,1197,1,1198
Nanded,,,Bhokar,85,,337,103,1,0,104,2,RAWLATAJ OARTNAKAYRUS DASARPIAS,,403,654,1057,2,1059
Nanded,,,Bhokar,85,,338,7,0,0,7,1,RAWLATAJ OARTNAKAYRUS DASARPIAS,,386,707,1093,1,1094
Nanded,,,Bhokar,85,,339,27,3,0,30,0,RAWLATAJ OARTNAKAYRUS DASARPIAS,,557,436,993,0,993
Nanded,,,Bhokar,85,,340,90,1,0,91,0,RAWLATAJ OARTNAKAYRUS DASARPIAS,,502,637,1139,0,1139
Nanded,,,Bhokar,85,,341,36,0,0,36,0,RAWLATAJ OARTNAKAYRUS DASARPIAS,,319,603,922,0,922
Nanded,,,Bhokar,85,,342,45,0,0,45,0,RAWLATAJ OARTNAKAYRUS DASARPIAS,,361,693,1054,0,1054
Nanded,,,Bhokar,85,,343,65,0,0,65,1,RAWLATAJ OARTNAKAYRUS DASARPIAS,,431,609,1040,1,1041
Nanded,,,Bhokar,85,,344,18,0,0,18,0,RAWLATAJ OARTNAKAYRUS DASARPIAS,,281,542,823,0,823
TOTAL,,,,,,,8833,270,0,9103,152,,,131966,146169,278135,152,278287
