District Name,District No,Jilha,Constituency Name,Constituency No,Total No. of Electors,Serial Poll,Total No. Valid Votes,No. of Rejected Votes,NOTA,Total,No. of Tendered Votes,Elected Person Name,Party Name of Elected Person,No. of Valid Votes Cast in Favour of Elected Person,Other Candidate Votes,Total EVM Votes,Total Postal ballot votes,Total Votes Polled
Nanded,,,Naigaon,89,,1,0,3,0,3,0,LITAP LAHTTIV ANAHCRA,,533,1478,2011,0,2011
Nanded,,,Naigaon,89,,2,0,0,0,0,0,LITAP LAHTTIV ANAHCRA,,247,751,998,0,998
Nanded,,,Naigaon,89,,3,0,2,0,2,0,LITAP LAHTTIV ANAHCRA,,553,1346,1899,0,1899
Nanded,,,Naigaon,89,,4,0,2,0,2,0,LITAP LAHTTIV ANAHCRA,,419,1053,1472,0,1472
Nanded,,,Naigaon,89,,5,0,1,0,1,0,LITAP LAHTTIV ANAHCRA,,320,803,1123,0,1123
Nanded,,,Naigaon,89,,6,0,2,0,2,0,LITAP LAHTTIV ANAHCRA,,340,880,1220,0,1220
Nanded,,,Naigaon,89,,7,0,2,0,2,0,LITAP LAHTTIV ANAHCRA,,412,833,1245,0,1245
Nanded,,,Naigaon,89,,8,0,0,0,0,0,LITAP LAHTTIV ANAHCRA,,316,720,1036,0,1036
Nanded,,,Naigaon,89,,9,0,0,0,0,0,LITAP LAHTTIV ANAHCRA,,366,691,1057,0,1057
Nanded,,,Naigaon,89,,10,0,2,0,2,0,LITAP LAHTTIV ANAHCRA,,501,1321,1822,0,1822
Nanded,,,Naigaon,89,,11,0,1,0,1,0,LITAP LAHTTIV ANAHCRA,,306,863,1169,0,1169
Nanded,,,Naigaon,89,,12,0,1,0,1,0,LITAP LAHTTIV ANAHCRA,,345,813,1158,0,1158
Nanded,,,Naigaon,89,,13,0,1,0,1,0,LITAP LAHTTIV ANAHCRA,,310,761,1071,0,1071
Nanded,,,Naigaon,89,,14,0,1,0,1,0,LITAP LAHTTIV ANAHCRA,,409,983,1392,0,1392
Nanded,,,Naigaon,89,,15,0,8,0,8,0,LITAP LAHTTIV ANAHCRA,,349,936,1285,0,1285
Nanded,,,Naigaon,89,,16,0,4,0,4,0,LITAP LAHTTIV ANAHCRA,,785,1079,1864,0,1864
Nanded,,,Naigaon,89,,17,0,0,0,0,0,LITAP LAHTTIV ANAHCRA,,262,579,841,0,841
Nanded,,,Naigaon,89,,18,0,0,0,0,0,LITAP LAHTTIV ANAHCRA,,173,389,562,0,562
Nanded,,,Naigaon,89,,19,0,2,0,2,0,LITAP LAHTTIV ANAHCRA,,389,1110,1499,0,1499
Nanded,,,Naigaon,89,,20,0,4,0,4,0,LITAP LAHTTIV ANAHCRA,,450,1070,1520,0,1520
Nanded,,,Naigaon,89,,21,0,2,0,2,0,LITAP LAHTTIV ANAHCRA,,527,860,1387,0,1387
Nanded,,,Naigaon,89,,22,0,1,0,1,0,LITAP LAHTTIV ANAHCRA,,376,470,846,0,846
Nanded,,,Naigaon,89,,23,0,2,0,2,0,LITAP LAHTTIV ANAHCRA,,441,716,1157,0,1157
Nanded,,,Naigaon,89,,24,0,1,0,1,0,LITAP LAHTTIV ANAHCRA,,282,862,1144,0,1144
Nanded,,,Naigaon,89,,25,0,3,0,3,0,LITAP LAHTTIV ANAHCRA,,332,1039,1371,0,1371
Nanded,,,Naigaon,89,,26,0,0,0,0,0,LITAP LAHTTIV ANAHCRA,,573,1179,1752,0,1752
Nanded,,,Naigaon,89,,27,0,2,0,2,0,LITAP LAHTTIV ANAHCRA,,353,862,1215,0,1215
Nanded,,,Naigaon,89,,28,0,1,0,1,0,LITAP LAHTTIV ANAHCRA,,451,1043,1494,0,1494
Nanded,,,Naigaon,89,,29,0,1,0,1,0,LITAP LAHTTIV ANAHCRA,,253,684,937,0,937
Nanded,,,Naigaon,89,,30,0,2,0,2,0,LITAP LAHTTIV ANAHCRA,,340,1116,1456,0,1456
Nanded,,,Naigaon,89,,31,0,5,0,5,0,LITAP LAHTTIV ANAHCRA,,506,1181,1687,0,1687
Nanded,,,Naigaon,89,,32,0,1,0,1,0,LITAP LAHTTIV ANAHCRA,,489,1113,1602,0,1602
Nanded,,,Naigaon,89,,33,0,2,0,2,0,LITAP LAHTTIV ANAHCRA,,349,1154,1503,0,1503
Nanded,,,Naigaon,89,,34,0,1,0,1,0,LITAP LAHTTIV ANAHCRA,,384,568,952,0,952
Nanded,,,Naigaon,89,,35,0,1,0,1,0,LITAP LAHTTIV ANAHCRA,,537,1214,1751,0,1751
Nanded,,,Naigaon,89,,36,0,1,0,1,0,LITAP LAHTTIV ANAHCRA,,314,1054,1368,0,1368
Nanded,,,Naigaon,89,,37,0,5,0,5,0,LITAP LAHTTIV ANAHCRA,,297,1066,1363,0,1363
Nanded,,,Naigaon,89,,38,0,0,0,0,0,LITAP LAHTTIV ANAHCRA,,323,1061,1384,0,1384
Nanded,,,Naigaon,89,,39,0,2,0,2,0,LITAP LAHTTIV ANAHCRA,,341,872,1213,0,1213
Nanded,,,Naigaon,89,,40,0,6,0,6,0,LITAP LAHTTIV ANAHCRA,,269,651,920,0,920
Nanded,,,Naigaon,89,,41,0,3,0,3,0,LITAP LAHTTIV ANAHCRA,,174,823,997,0,997
Nanded,,,Naigaon,89,,42,0,2,0,2,0,LITAP LAHTTIV ANAHCRA,,237,795,1032,0,1032
Nanded,,,Naigaon,89,,43,0,0,0,0,0,LITAP LAHTTIV ANAHCRA,,242,685,927,0,927
Nanded,,,Naigaon,89,,44,0,3,0,3,0,LITAP LAHTTIV ANAHCRA,,321,839,1160,0,1160
Nanded,,,Naigaon,89,,45,0,5,0,5,0,LITAP LAHTTIV ANAHCRA,,350,855,1205,0,1205
Nanded,,,Naigaon,89,,46,0,3,0,3,0,LITAP LAHTTIV ANAHCRA,,680,1206,1886,0,1886
Nanded,,,Naigaon,89,,47,0,2,0,2,0,LITAP LAHTTIV ANAHCRA,,317,780,1097,0,1097
Nanded,,,Naigaon,89,,48,0,0,0,0,0,LITAP LAHTTIV ANAHCRA,,409,1253,1662,0,1662
Nanded,,,Naigaon,89,,49,0,1,0,1,0,LITAP LAHTTIV ANAHCRA,,311,822,1133,0,1133
Nanded,,,Naigaon,89,,50,0,1,0,1,0,LITAP LAHTTIV ANAHCRA,,295,919,1214,0,1214
Nanded,,,Naigaon,89,,51,0,6,0,6,0,LITAP LAHTTIV ANAHCRA,,444,1241,1685,0,1685
Nanded,,,Naigaon,89,,52,0,5,0,5,0,LITAP LAHTTIV ANAHCRA,,610,1074,1684,0,1684
Nanded,,,Naigaon,89,,53,0,1,0,1,0,LITAP LAHTTIV ANAHCRA,,468,783,1251,0,1251
Nanded,,,Naigaon,89,,54,0,2,0,2,0,LITAP LAHTTIV ANAHCRA,,470,1182,1652,0,1652
Nanded,,,Naigaon,89,,55,0,3,0,3,3,LITAP LAHTTIV ANAHCRA,,554,1201,1755,3,1758
Nanded,,,Naigaon,89,,56,0,0,0,0,0,LITAP LAHTTIV ANAHCRA,,120,590,710,0,710
Nanded,,,Naigaon,89,,57,0,4,0,4,0,LITAP LAHTTIV ANAHCRA,,405,1162,1567,0,1567
Nanded,,,Naigaon,89,,58,0,3,0,3,0,LITAP LAHTTIV ANAHCRA,,317,1499,1816,0,1816
Nanded,,,Naigaon,89,,59,0,3,0,3,0,LITAP LAHTTIV ANAHCRA,,330,1653,1983,0,1983
Nanded,,,Naigaon,89,,60,0,2,0,2,0,LITAP LAHTTIV ANAHCRA,,580,1480,2060,0,2060
Nanded,,,Naigaon,89,,61,0,1,0,1,0,LITAP LAHTTIV ANAHCRA,,788,1127,1915,0,1915
Nanded,,,Naigaon,89,,62,0,2,0,2,0,LITAP LAHTTIV ANAHCRA,,292,988,1280,0,1280
Nanded,,,Naigaon,89,,63,0,1,0,1,0,LITAP LAHTTIV ANAHCRA,,442,835,1277,0,1277
Nanded,,,Naigaon,89,,64,0,3,0,3,0,LITAP LAHTTIV ANAHCRA,,751,1441,2192,0,2192
Nanded,,,Naigaon,89,,65,0,1,0,1,0,LITAP LAHTTIV ANAHCRA,,682,1047,1729,0,1729
Nanded,,,Naigaon,89,,66,0,4,0,4,0,LITAP LAHTTIV ANAHCRA,,291,757,1048,0,1048
Nanded,,,Naigaon,89,,67,0,0,0,0,0,LITAP LAHTTIV ANAHCRA,,220,907,1127,0,1127
Nanded,,,Naigaon,89,,68,0,2,0,2,0,LITAP LAHTTIV ANAHCRA,,656,1510,2166,0,2166
Nanded,,,Naigaon,89,,69,0,0,0,0,0,LITAP LAHTTIV ANAHCRA,,313,1370,1683,0,1683
Nanded,,,Naigaon,89,,70,0,2,0,2,0,LITAP LAHTTIV ANAHCRA,,575,1245,1820,0,1820
Nanded,,,Naigaon,89,,71,0,3,0,3,0,LITAP LAHTTIV ANAHCRA,,367,866,1233,0,1233
Nanded,,,Naigaon,89,,72,0,1,0,1,0,LITAP LAHTTIV ANAHCRA,,490,724,1214,0,1214
Nanded,,,Naigaon,89,,73,0,4,0,4,0,LITAP LAHTTIV ANAHCRA,,509,980,1489,0,1489
Nanded,,,Naigaon,89,,74,0,0,0,0,0,LITAP LAHTTIV ANAHCRA,,306,892,1198,0,1198
Nanded,,,Naigaon,89,,75,0,1,0,1,0,LITAP LAHTTIV ANAHCRA,,746,1337,2083,0,2083
Nanded,,,Naigaon,89,,76,0,0,0,0,0,LITAP LAHTTIV ANAHCRA,,420,1164,1584,0,1584
Nanded,,,Naigaon,89,,77,0,3,0,3,0,LITAP LAHTTIV ANAHCRA,,245,1404,1649,0,1649
Nanded,,,Naigaon,89,,78,0,2,0,2,0,LITAP LAHTTIV ANAHCRA,,580,1530,2110,0,2110
Nanded,,,Naigaon,89,,79,0,3,0,3,0,LITAP LAHTTIV ANAHCRA,,350,1033,1383,0,1383
Nanded,,,Naigaon,89,,80,0,1,0,1,0,LITAP LAHTTIV ANAHCRA,,492,1246,1738,0,1738
Nanded,,,Naigaon,89,,81,0,4,0,4,0,LITAP LAHTTIV ANAHCRA,,424,1029,1453,0,1453
Nanded,,,Naigaon,89,,82,0,4,0,4,0,LITAP LAHTTIV ANAHCRA,,663,1511,2174,0,2174
Nanded,,,Naigaon,89,,83,0,2,0,2,0,LITAP LAHTTIV ANAHCRA,,176,895,1071,0,1071
Nanded,,,Naigaon,89,,84,0,0,0,0,0,LITAP LAHTTIV ANAHCRA,,306,880,1186,0,1186
Nanded,,,Naigaon,89,,85,0,5,0,5,0,LITAP LAHTTIV ANAHCRA,,514,1039,1553,0,1553
Nanded,,,Naigaon,89,,86,0,4,0,4,0,LITAP LAHTTIV ANAHCRA,,420,1272,1692,0,1692
Nanded,,,Naigaon,89,,87,0,1,0,1,0,LITAP LAHTTIV ANAHCRA,,459,1042,1501,0,1501
Nanded,,,Naigaon,89,,88,0,1,0,1,0,LITAP LAHTTIV ANAHCRA,,152,502,654,0,654
Nanded,,,Naigaon,89,,89,0,2,0,2,0,LITAP LAHTTIV ANAHCRA,,423,990,1413,0,1413
Nanded,,,Naigaon,89,,90,0,1,0,1,0,LITAP LAHTTIV ANAHCRA,,341,955,1296,0,1296
Nanded,,,Naigaon,89,,91,0,3,0,3,0,LITAP LAHTTIV ANAHCRA,,781,1278,2059,0,2059
Nanded,,,Naigaon,89,,92,0,0,0,0,0,LITAP LAHTTIV ANAHCRA,,598,1576,2174,0,2174
Nanded,,,Naigaon,89,,93,0,2,0,2,0,LITAP LAHTTIV ANAHCRA,,514,1487,2001,0,2001
Nanded,,,Naigaon,89,,94,0,3,0,3,0,LITAP LAHTTIV ANAHCRA,,230,772,1002,0,1002
Nanded,,,Naigaon,89,,95,0,0,0,0,0,LITAP LAHTTIV ANAHCRA,,274,1531,1805,0,1805
Nanded,,,Naigaon,89,,96,0,2,0,2,0,LITAP LAHTTIV ANAHCRA,,219,979,1198,0,1198
Nanded,,,Naigaon,89,,97,0,7,0,7,0,LITAP LAHTTIV ANAHCRA,,466,955,1421,0,1421
Nanded,,,Naigaon,89,,98,0,2,0,2,0,LITAP LAHTTIV ANAHCRA,,558,988,1546,0,1546
Nanded,,,Naigaon,89,,99,0,2,0,2,0,LITAP LAHTTIV ANAHCRA,,621,1056,1677,0,1677
Nanded,,,Naigaon,89,,100,0,3,0,3,0,LITAP LAHTTIV ANAHCRA,,466,1074,1540,0,1540
Nanded,,,Naigaon,89,,101,0,8,0,8,0,LITAP LAHTTIV ANAHCRA,,506,1081,1587,0,1587
Nanded,,,Naigaon,89,,102,0,5,0,5,0,LITAP LAHTTIV ANAHCRA,,330,1292,1622,0,1622
Nanded,,,Naigaon,89,,103,0,4,0,4,0,LITAP LAHTTIV ANAHCRA,,436,1413,1849,0,1849
Nanded,,,Naigaon,89,,104,0,2,0,2,0,LITAP LAHTTIV ANAHCRA,,480,1246,1726,0,1726
Nanded,,,Naigaon,89,,105,0,0,0,0,0,LITAP LAHTTIV ANAHCRA,,403,1098,1501,0,1501
Nanded,,,Naigaon,89,,106,0,0,0,0,0,LITAP LAHTTIV ANAHCRA,,258,1130,1388,0,1388
Nanded,,,Naigaon,89,,107,0,1,0,1,0,LITAP LAHTTIV ANAHCRA,,356,1073,1429,0,1429
Nanded,,,Naigaon,89,,108,0,2,0,2,0,LITAP LAHTTIV ANAHCRA,,452,1456,1908,0,1908
Nanded,,,Naigaon,89,,109,0,0,0,0,0,LITAP LAHTTIV ANAHCRA,,226,649,875,0,875
Nanded,,,Naigaon,89,,110,0,3,0,3,0,LITAP LAHTTIV ANAHCRA,,477,1207,1684,0,1684
Nanded,,,Naigaon,89,,111,0,4,0,4,0,LITAP LAHTTIV ANAHCRA,,375,1428,1803,0,1803
Nanded,,,Naigaon,89,,112,0,1,0,1,0,LITAP LAHTTIV ANAHCRA,,229,1501,1730,0,1730
Nanded,,,Naigaon,89,,113,0,2,0,2,0,LITAP LAHTTIV ANAHCRA,,622,853,1475,0,1475
Nanded,,,Naigaon,89,,114,0,1,0,1,0,LITAP LAHTTIV ANAHCRA,,423,1113,1536,0,1536
Nanded,,,Naigaon,89,,115,0,1,0,1,0,LITAP LAHTTIV ANAHCRA,,572,991,1563,0,1563
Nanded,,,Naigaon,89,,116,0,3,0,3,0,LITAP LAHTTIV ANAHCRA,,410,920,1330,0,1330
Nanded,,,Naigaon,89,,117,0,1,0,1,0,LITAP LAHTTIV ANAHCRA,,666,1465,2131,0,2131
Nanded,,,Naigaon,89,,118,0,0,0,0,0,LITAP LAHTTIV ANAHCRA,,502,1226,1728,0,1728
Nanded,,,Naigaon,89,,119,0,1,0,1,0,LITAP LAHTTIV ANAHCRA,,584,1049,1633,0,1633
Nanded,,,Naigaon,89,,120,0,1,0,1,0,LITAP LAHTTIV ANAHCRA,,359,1509,1868,0,1868
Nanded,,,Naigaon,89,,121,0,0,0,0,0,LITAP LAHTTIV ANAHCRA,,518,1063,1581,0,1581
Nanded,,,Naigaon,89,,122,0,5,0,5,0,LITAP LAHTTIV ANAHCRA,,469,1411,1880,0,1880
Nanded,,,Naigaon,89,,123,0,1,0,1,0,LITAP LAHTTIV ANAHCRA,,488,1763,2251,0,2251
Nanded,,,Naigaon,89,,124,0,2,0,2,0,LITAP LAHTTIV ANAHCRA,,407,1023,1430,0,1430
Nanded,,,Naigaon,89,,125,0,1,0,1,0,LITAP LAHTTIV ANAHCRA,,398,849,1247,0,1247
Nanded,,,Naigaon,89,,126,0,2,0,2,0,LITAP LAHTTIV ANAHCRA,,489,1507,1996,0,1996
Nanded,,,Naigaon,89,,127,0,0,0,0,0,LITAP LAHTTIV ANAHCRA,,408,1093,1501,0,1501
Nanded,,,Naigaon,89,,128,0,1,0,1,0,LITAP LAHTTIV ANAHCRA,,273,803,1076,0,1076
Nanded,,,Naigaon,89,,129,0,3,0,3,0,LITAP LAHTTIV ANAHCRA,,548,1541,2089,0,2089
Nanded,,,Naigaon,89,,130,0,0,0,0,0,LITAP LAHTTIV ANAHCRA,,422,1254,1676,0,1676
Nanded,,,Naigaon,89,,131,0,1,0,1,0,LITAP LAHTTIV ANAHCRA,,293,1000,1293,0,1293
Nanded,,,Naigaon,89,,132,0,1,0,1,0,LITAP LAHTTIV ANAHCRA,,372,1088,1460,0,1460
Nanded,,,Naigaon,89,,133,0,4,0,4,0,LITAP LAHTTIV ANAHCRA,,414,1541,1955,0,1955
Nanded,,,Naigaon,89,,134,0,0,0,0,0,LITAP LAHTTIV ANAHCRA,,225,1269,1494,0,1494
Nanded,,,Naigaon,89,,135,0,1,0,1,0,LITAP LAHTTIV ANAHCRA,,286,735,1021,0,1021
Nanded,,,Naigaon,89,,136,0,4,0,4,0,LITAP LAHTTIV ANAHCRA,,411,987,1398,0,1398
Nanded,,,Naigaon,89,,137,0,3,0,3,0,LITAP LAHTTIV ANAHCRA,,347,1474,1821,0,1821
Nanded,,,Naigaon,89,,138,0,2,0,2,0,LITAP LAHTTIV ANAHCRA,,473,1507,1980,0,1980
Nanded,,,Naigaon,89,,139,0,1,0,1,0,LITAP LAHTTIV ANAHCRA,,403,870,1273,0,1273
Nanded,,,Naigaon,89,,140,0,3,0,3,0,LITAP LAHTTIV ANAHCRA,,313,921,1234,0,1234
Nanded,,,Naigaon,89,,141,0,1,0,1,0,LITAP LAHTTIV ANAHCRA,,270,1093,1363,0,1363
Nanded,,,Naigaon,89,,142,0,2,0,2,0,LITAP LAHTTIV ANAHCRA,,270,1058,1328,0,1328
Nanded,,,Naigaon,89,,143,0,6,0,6,0,LITAP LAHTTIV ANAHCRA,,329,764,1093,0,1093
Nanded,,,Naigaon,89,,144,0,2,0,2,0,LITAP LAHTTIV ANAHCRA,,319,1541,1860,0,1860
Nanded,,,Naigaon,89,,145,0,2,0,2,0,LITAP LAHTTIV ANAHCRA,,406,861,1267,0,1267
Nanded,,,Naigaon,89,,146,0,1,0,1,0,LITAP LAHTTIV ANAHCRA,,401,615,1016,0,1016
Nanded,,,Naigaon,89,,147,0,1,0,1,0,LITAP LAHTTIV ANAHCRA,,263,654,917,0,917
Nanded,,,Naigaon,89,,148,0,2,0,2,0,LITAP LAHTTIV ANAHCRA,,369,751,1120,0,1120
Nanded,,,Naigaon,89,,149,0,3,0,3,0,LITAP LAHTTIV ANAHCRA,,383,1222,1605,0,1605
Nanded,,,Naigaon,89,,150,0,3,0,3,0,LITAP LAHTTIV ANAHCRA,,312,924,1236,0,1236
Nanded,,,Naigaon,89,,151,0,3,0,3,0,LITAP LAHTTIV ANAHCRA,,315,1120,1435,0,1435
Nanded,,,Naigaon,89,,152,0,7,0,7,0,LITAP LAHTTIV ANAHCRA,,719,1361,2080,0,2080
Nanded,,,Naigaon,89,,153,0,3,0,3,0,LITAP LAHTTIV ANAHCRA,,312,1293,1605,0,1605
Nanded,,,Naigaon,89,,154,0,2,0,2,0,LITAP LAHTTIV ANAHCRA,,324,914,1238,0,1238
Nanded,,,Naigaon,89,,155,0,5,0,5,0,LITAP LAHTTIV ANAHCRA,,287,1072,1359,0,1359
Nanded,,,Naigaon,89,,156,0,3,0,3,0,LITAP LAHTTIV ANAHCRA,,190,724,914,0,914
Nanded,,,Naigaon,89,,157,0,0,0,0,0,LITAP LAHTTIV ANAHCRA,,418,1053,1471,0,1471
Nanded,,,Naigaon,89,,158,0,1,0,1,0,LITAP LAHTTIV ANAHCRA,,209,639,848,0,848
Nanded,,,Naigaon,89,,159,0,2,0,2,0,LITAP LAHTTIV ANAHCRA,,296,1119,1415,0,1415
Nanded,,,Naigaon,89,,160,0,3,0,3,0,LITAP LAHTTIV ANAHCRA,,455,987,1442,0,1442
Nanded,,,Naigaon,89,,161,0,2,0,2,0,LITAP LAHTTIV ANAHCRA,,414,881,1295,0,1295
Nanded,,,Naigaon,89,,162,0,1,0,1,0,LITAP LAHTTIV ANAHCRA,,534,1374,1908,0,1908
Nanded,,,Naigaon,89,,163,0,2,0,2,0,LITAP LAHTTIV ANAHCRA,,558,1469,2027,0,2027
Nanded,,,Naigaon,89,,164,0,1,0,1,0,LITAP LAHTTIV ANAHCRA,,267,1105,1372,0,1372
Nanded,,,Naigaon,89,,165,0,2,0,2,0,LITAP LAHTTIV ANAHCRA,,345,1570,1915,0,1915
Nanded,,,Naigaon,89,,166,0,1,0,1,0,LITAP LAHTTIV ANAHCRA,,388,1500,1888,0,1888
Nanded,,,Naigaon,89,,167,0,3,0,3,0,LITAP LAHTTIV ANAHCRA,,437,1416,1853,0,1853
Nanded,,,Naigaon,89,,168,0,0,0,0,0,LITAP LAHTTIV ANAHCRA,,313,1185,1498,0,1498
Nanded,,,Naigaon,89,,169,0,1,0,1,0,LITAP LAHTTIV ANAHCRA,,404,1287,1691,0,1691
Nanded,,,Naigaon,89,,170,0,1,0,1,0,LITAP LAHTTIV ANAHCRA,,149,1193,1342,0,1342
Nanded,,,Naigaon,89,,171,0,1,0,1,0,LITAP LAHTTIV ANAHCRA,,368,1095,1463,0,1463
Nanded,,,Naigaon,89,,172,0,0,0,0,0,LITAP LAHTTIV ANAHCRA,,270,750,1020,0,1020
Nanded,,,Naigaon,89,,173,0,1,0,1,0,LITAP LAHTTIV ANAHCRA,,372,1423,1795,0,1795
Nanded,,,Naigaon,89,,174,0,3,0,3,0,LITAP LAHTTIV ANAHCRA,,469,1427,1896,0,1896
Nanded,,,Naigaon,89,,175,0,0,0,0,0,LITAP LAHTTIV ANAHCRA,,442,1149,1591,0,1591
Nanded,,,Naigaon,89,,176,0,3,0,3,0,LITAP LAHTTIV ANAHCRA,,559,1295,1854,0,1854
Nanded,,,Naigaon,89,,177,0,6,0,6,0,LITAP LAHTTIV ANAHCRA,,618,1101,1719,0,1719
Nanded,,,Naigaon,89,,178,0,2,0,2,0,LITAP LAHTTIV ANAHCRA,,569,1159,1728,0,1728
Nanded,,,Naigaon,89,,179,0,0,0,0,0,LITAP LAHTTIV ANAHCRA,,537,952,1489,0,1489
Nanded,,,Naigaon,89,,180,0,3,0,3,0,LITAP LAHTTIV ANAHCRA,,350,584,934,0,934
Nanded,,,Naigaon,89,,181,0,0,0,0,0,LITAP LAHTTIV ANAHCRA,,353,772,1125,0,1125
Nanded,,,Naigaon,89,,182,0,0,0,0,0,LITAP LAHTTIV ANAHCRA,,430,902,1332,0,1332
Nanded,,,Naigaon,89,,183,0,2,0,2,0,LITAP LAHTTIV ANAHCRA,,342,927,1269,0,1269
Nanded,,,Naigaon,89,,184,0,0,0,0,0,LITAP LAHTTIV ANAHCRA,,220,726,946,0,946
Nanded,,,Naigaon,89,,185,0,1,0,1,0,LITAP LAHTTIV ANAHCRA,,137,714,851,0,851
Nanded,,,Naigaon,89,,186,0,2,0,2,0,LITAP LAHTTIV ANAHCRA,,457,997,1454,0,1454
Nanded,,,Naigaon,89,,187,0,5,0,5,0,LITAP LAHTTIV ANAHCRA,,472,1059,1531,0,1531
Nanded,,,Naigaon,89,,188,0,1,0,1,0,LITAP LAHTTIV ANAHCRA,,378,1244,1622,0,1622
Nanded,,,Naigaon,89,,189,0,0,0,0,0,LITAP LAHTTIV ANAHCRA,,162,713,875,0,875
Nanded,,,Naigaon,89,,190,0,1,0,1,0,LITAP LAHTTIV ANAHCRA,,418,1340,1758,0,1758
Nanded,,,Naigaon,89,,191,0,4,0,4,0,LITAP LAHTTIV ANAHCRA,,475,1018,1493,0,1493
Nanded,,,Naigaon,89,,192,0,5,0,5,0,LITAP LAHTTIV ANAHCRA,,487,1261,1748,0,1748
Nanded,,,Naigaon,89,,193,0,4,0,4,0,LITAP LAHTTIV ANAHCRA,,533,1596,2129,0,2129
Nanded,,,Naigaon,89,,194,0,1,0,1,0,LITAP LAHTTIV ANAHCRA,,298,958,1256,0,1256
Nanded,,,Naigaon,89,,195,0,7,0,7,0,LITAP LAHTTIV ANAHCRA,,462,1263,1725,0,1725
Nanded,,,Naigaon,89,,196,0,1,0,1,0,LITAP LAHTTIV ANAHCRA,,124,1114,1238,0,1238
Nanded,,,Naigaon,89,,197,0,3,0,3,0,LITAP LAHTTIV ANAHCRA,,202,981,1183,0,1183
Nanded,,,Naigaon,89,,198,0,1,0,1,0,LITAP LAHTTIV ANAHCRA,,190,760,950,0,950
Nanded,,,Naigaon,89,,199,0,0,0,0,0,LITAP LAHTTIV ANAHCRA,,667,1348,2015,0,2015
Nanded,,,Naigaon,89,,200,0,6,0,6,0,LITAP LAHTTIV ANAHCRA,,530,1546,2076,0,2076
Nanded,,,Naigaon,89,,201,0,2,0,2,0,LITAP LAHTTIV ANAHCRA,,479,1056,1535,0,1535
Nanded,,,Naigaon,89,,202,0,1,0,1,0,LITAP LAHTTIV ANAHCRA,,268,1024,1292,0,1292
Nanded,,,Naigaon,89,,203,0,2,0,2,0,LITAP LAHTTIV ANAHCRA,,342,867,1209,0,1209
Nanded,,,Naigaon,89,,204,0,3,0,3,0,LITAP LAHTTIV ANAHCRA,,259,937,1196,0,1196
Nanded,,,Naigaon,89,,205,0,2,0,2,0,LITAP LAHTTIV ANAHCRA,,334,655,989,0,989
Nanded,,,Naigaon,89,,206,0,2,0,2,0,LITAP LAHTTIV ANAHCRA,,308,1048,1356,0,1356
Nanded,,,Naigaon,89,,207,0,3,0,3,0,LITAP LAHTTIV ANAHCRA,,303,1332,1635,0,1635
Nanded,,,Naigaon,89,,208,0,11,0,11,0,LITAP LAHTTIV ANAHCRA,,575,933,1508,0,1508
Nanded,,,Naigaon,89,,209,0,2,0,2,0,LITAP LAHTTIV ANAHCRA,,526,969,1495,0,1495
Nanded,,,Naigaon,89,,210,0,3,0,3,0,LITAP LAHTTIV ANAHCRA,,322,1174,1496,0,1496
Nanded,,,Naigaon,89,,211,0,1,0,1,0,LITAP LAHTTIV ANAHCRA,,397,1300,1697,0,1697
Nanded,,,Naigaon,89,,212,0,0,0,0,0,LITAP LAHTTIV ANAHCRA,,321,1115,1436,0,1436
Nanded,,,Naigaon,89,,213,0,4,0,4,0,LITAP LAHTTIV ANAHCRA,,459,1678,2137,0,2137
Nanded,,,Naigaon,89,,214,0,2,0,2,0,LITAP LAHTTIV ANAHCRA,,523,1169,1692,0,1692
Nanded,,,Naigaon,89,,215,0,3,0,3,0,LITAP LAHTTIV ANAHCRA,,405,1030,1435,0,1435
Nanded,,,Naigaon,89,,216,0,3,0,3,0,LITAP LAHTTIV ANAHCRA,,382,1108,1490,0,1490
Nanded,,,Naigaon,89,,217,0,0,0,0,0,LITAP LAHTTIV ANAHCRA,,302,1075,1377,0,1377
Nanded,,,Naigaon,89,,218,0,0,0,0,0,LITAP LAHTTIV ANAHCRA,,239,655,894,0,894
Nanded,,,Naigaon,89,,219,0,2,0,2,0,LITAP LAHTTIV ANAHCRA,,190,865,1055,0,1055
Nanded,,,Naigaon,89,,220,0,1,0,1,0,LITAP LAHTTIV ANAHCRA,,425,1361,1786,0,1786
Nanded,,,Naigaon,89,,221,0,0,0,0,0,LITAP LAHTTIV ANAHCRA,,268,1229,1497,0,1497
Nanded,,,Naigaon,89,,222,0,1,0,1,0,LITAP LAHTTIV ANAHCRA,,265,855,1120,0,1120
Nanded,,,Naigaon,89,,223,0,1,0,1,1,LITAP LAHTTIV ANAHCRA,,391,910,1301,1,1302
Nanded,,,Naigaon,89,,224,0,4,0,4,0,LITAP LAHTTIV ANAHCRA,,483,1157,1640,0,1640
Nanded,,,Naigaon,89,,225,0,0,0,0,0,LITAP LAHTTIV ANAHCRA,,227,1004,1231,0,1231
Nanded,,,Naigaon,89,,226,0,1,0,1,0,LITAP LAHTTIV ANAHCRA,,161,1047,1208,0,1208
Nanded,,,Naigaon,89,,227,0,0,0,0,0,LITAP LAHTTIV ANAHCRA,,315,1220,1535,0,1535
Nanded,,,Naigaon,89,,228,0,0,0,0,0,LITAP LAHTTIV ANAHCRA,,426,1152,1578,0,1578
Nanded,,,Naigaon,89,,229,0,0,0,0,0,LITAP LAHTTIV ANAHCRA,,389,1324,1713,0,1713
Nanded,,,Naigaon,89,,230,0,1,0,1,0,LITAP LAHTTIV ANAHCRA,,168,682,850,0,850
Nanded,,,Naigaon,89,,231,0,2,0,2,0,LITAP LAHTTIV ANAHCRA,,418,1283,1701,0,1701
Nanded,,,Naigaon,89,,232,0,6,0,6,0,LITAP LAHTTIV ANAHCRA,,485,1347,1832,0,1832
Nanded,,,Naigaon,89,,233,0,2,0,2,1,LITAP LAHTTIV ANAHCRA,,164,1171,1335,1,1336
Nanded,,,Naigaon,89,,234,0,2,0,2,0,LITAP LAHTTIV ANAHCRA,,517,1255,1772,0,1772
Nanded,,,Naigaon,89,,235,0,2,0,2,0,LITAP LAHTTIV ANAHCRA,,206,931,1137,0,1137
Nanded,,,Naigaon,89,,236,0,0,0,0,0,LITAP LAHTTIV ANAHCRA,,470,1318,1788,0,1788
Nanded,,,Naigaon,89,,237,0,4,0,4,0,LITAP LAHTTIV ANAHCRA,,282,1613,1895,0,1895
Nanded,,,Naigaon,89,,238,0,0,0,0,0,LITAP LAHTTIV ANAHCRA,,220,1094,1314,0,1314
Nanded,,,Naigaon,89,,239,0,1,0,1,0,LITAP LAHTTIV ANAHCRA,,267,926,1193,0,1193
Nanded,,,Naigaon,89,,240,0,1,0,1,0,LITAP LAHTTIV ANAHCRA,,463,1455,1918,0,1918
Nanded,,,Naigaon,89,,241,0,7,0,7,0,LITAP LAHTTIV ANAHCRA,,434,1347,1781,0,1781
Nanded,,,Naigaon,89,,242,0,0,0,0,0,LITAP LAHTTIV ANAHCRA,,346,906,1252,0,1252
Nanded,,,Naigaon,89,,243,0,1,0,1,0,LITAP LAHTTIV ANAHCRA,,275,1360,1635,0,1635
Nanded,,,Naigaon,89,,244,0,3,0,3,0,LITAP LAHTTIV ANAHCRA,,260,1504,1764,0,1764
Nanded,,,Naigaon,89,,245,0,5,0,5,0,LITAP LAHTTIV ANAHCRA,,369,954,1323,0,1323
Nanded,,,Naigaon,89,,246,0,3,0,3,0,LITAP LAHTTIV ANAHCRA,,329,979,1308,0,1308
Nanded,,,Naigaon,89,,247,0,8,0,8,0,LITAP LAHTTIV ANAHCRA,,385,1194,1579,0,1579
Nanded,,,Naigaon,89,,248,0,5,0,5,0,LITAP LAHTTIV ANAHCRA,,447,1183,1630,0,1630
Nanded,,,Naigaon,89,,249,0,3,0,3,0,LITAP LAHTTIV ANAHCRA,,513,1436,1949,0,1949
Nanded,,,Naigaon,89,,250,0,3,0,3,0,LITAP LAHTTIV ANAHCRA,,451,1407,1858,0,1858
Nanded,,,Naigaon,89,,251,0,1,0,1,0,LITAP LAHTTIV ANAHCRA,,360,841,1201,0,1201
Nanded,,,Naigaon,89,,252,0,1,0,1,0,LITAP LAHTTIV ANAHCRA,,316,822,1138,0,1138
Nanded,,,Naigaon,89,,253,0,0,0,0,0,LITAP LAHTTIV ANAHCRA,,207,704,911,0,911
Nanded,,,Naigaon,89,,254,0,0,0,0,0,LITAP LAHTTIV ANAHCRA,,234,914,1148,0,1148
Nanded,,,Naigaon,89,,255,0,0,0,0,0,LITAP LAHTTIV ANAHCRA,,337,1028,1365,0,1365
Nanded,,,Naigaon,89,,256,0,0,0,0,0,LITAP LAHTTIV ANAHCRA,,308,872,1180,0,1180
Nanded,,,Naigaon,89,,257,0,4,0,4,0,LITAP LAHTTIV ANAHCRA,,384,1389,1773,0,1773
Nanded,,,Naigaon,89,,258,0,0,0,0,0,LITAP LAHTTIV ANAHCRA,,161,1209,1370,0,1370
Nanded,,,Naigaon,89,,259,0,5,0,5,0,LITAP LAHTTIV ANAHCRA,,493,1472,1965,0,1965
Nanded,,,Naigaon,89,,260,0,1,0,1,0,LITAP LAHTTIV ANAHCRA,,402,1286,1688,0,1688
Nanded,,,Naigaon,89,,261,0,0,0,0,0,LITAP LAHTTIV ANAHCRA,,299,1250,1549,0,1549
Nanded,,,Naigaon,89,,262,0,0,0,0,0,LITAP LAHTTIV ANAHCRA,,222,1368,1590,0,1590
Nanded,,,Naigaon,89,,263,0,8,0,8,0,LITAP LAHTTIV ANAHCRA,,286,1767,2053,0,2053
Nanded,,,Naigaon,89,,264,0,1,0,1,0,LITAP LAHTTIV ANAHCRA,,371,1475,1846,0,1846
Nanded,,,Naigaon,89,,265,0,3,0,3,0,LITAP LAHTTIV ANAHCRA,,336,1323,1659,0,1659
Nanded,,,Naigaon,89,,266,0,3,0,3,0,LITAP LAHTTIV ANAHCRA,,296,1576,1872,0,1872
Nanded,,,Naigaon,89,,267,0,4,0,4,0,LITAP LAHTTIV ANAHCRA,,143,1252,1395,0,1395
Nanded,,,Naigaon,89,,268,0,0,0,0,0,LITAP LAHTTIV ANAHCRA,,97,1301,1398,0,1398
Nanded,,,Naigaon,89,,269,0,6,0,6,0,LITAP LAHTTIV ANAHCRA,,83,1186,1269,0,1269
Nanded,,,Naigaon,89,,270,0,1,0,1,0,LITAP LAHTTIV ANAHCRA,,123,711,834,0,834
Nanded,,,Naigaon,89,,271,0,5,0,5,0,LITAP LAHTTIV ANAHCRA,,401,1432,1833,0,1833
Nanded,,,Naigaon,89,,272,0,2,0,2,0,LITAP LAHTTIV ANAHCRA,,190,1356,1546,0,1546
Nanded,,,Naigaon,89,,273,0,1,0,1,0,LITAP LAHTTIV ANAHCRA,,176,1257,1433,0,1433
Nanded,,,Naigaon,89,,274,0,5,0,5,0,LITAP LAHTTIV ANAHCRA,,204,1054,1258,0,1258
Nanded,,,Naigaon,89,,275,0,2,0,2,0,LITAP LAHTTIV ANAHCRA,,182,1021,1203,0,1203
Nanded,,,Naigaon,89,,276,0,4,0,4,0,LITAP LAHTTIV ANAHCRA,,213,1031,1244,0,1244
Nanded,,,Naigaon,89,,277,0,1,0,1,0,LITAP LAHTTIV ANAHCRA,,176,635,811,0,811
Nanded,,,Naigaon,89,,278,0,1,0,1,0,LITAP LAHTTIV ANAHCRA,,295,1397,1692,0,1692
Nanded,,,Naigaon,89,,279,0,5,0,5,0,LITAP LAHTTIV ANAHCRA,,408,1247,1655,0,1655
Nanded,,,Naigaon,89,,280,0,3,0,3,0,LITAP LAHTTIV ANAHCRA,,373,1261,1634,0,1634
Nanded,,,Naigaon,89,,281,0,2,0,2,0,LITAP LAHTTIV ANAHCRA,,128,1309,1437,0,1437
Nanded,,,Naigaon,89,,282,0,5,0,5,0,LITAP LAHTTIV ANAHCRA,,399,1423,1822,0,1822
Nanded,,,Naigaon,89,,283,0,2,0,2,0,LITAP LAHTTIV ANAHCRA,,313,972,1285,0,1285
Nanded,,,Naigaon,89,,284,0,2,0,2,0,LITAP LAHTTIV ANAHCRA,,280,936,1216,0,1216
Nanded,,,Naigaon,89,,285,0,1,0,1,0,LITAP LAHTTIV ANAHCRA,,374,1107,1481,0,1481
Nanded,,,Naigaon,89,,286,0,2,0,2,0,LITAP LAHTTIV ANAHCRA,,242,804,1046,0,1046
Nanded,,,Naigaon,89,,287,0,1,0,1,0,LITAP LAHTTIV ANAHCRA,,178,945,1123,0,1123
Nanded,,,Naigaon,89,,288,0,0,0,0,0,LITAP LAHTTIV ANAHCRA,,235,1107,1342,0,1342
Nanded,,,Naigaon,89,,289,0,1,0,1,0,LITAP LAHTTIV ANAHCRA,,180,1129,1309,0,1309
Nanded,,,Naigaon,89,,290,0,1,0,1,0,LITAP LAHTTIV ANAHCRA,,219,1061,1280,0,1280
Nanded,,,Naigaon,89,,291,0,2,0,2,0,LITAP LAHTTIV ANAHCRA,,606,1667,2273,0,2273
Nanded,,,Naigaon,89,,292,0,0,0,0,0,LITAP LAHTTIV ANAHCRA,,248,984,1232,0,1232
Nanded,,,Naigaon,89,,293,0,3,0,3,0,LITAP LAHTTIV ANAHCRA,,284,1303,1587,0,1587
Nanded,,,Naigaon,89,,294,0,7,0,7,0,LITAP LAHTTIV ANAHCRA,,200,1044,1244,0,1244
Nanded,,,Naigaon,89,,295,0,0,0,0,0,LITAP LAHTTIV ANAHCRA,,222,1173,1395,0,1395
Nanded,,,Naigaon,89,,296,0,1,0,1,0,LITAP LAHTTIV ANAHCRA,,138,1338,1476,0,1476
Nanded,,,Naigaon,89,,297,0,0,0,0,0,LITAP LAHTTIV ANAHCRA,,425,1256,1681,0,1681
Nanded,,,Naigaon,89,,298,0,1,0,1,0,LITAP LAHTTIV ANAHCRA,,518,1284,1802,0,1802
Nanded,,,Naigaon,89,,299,0,1,0,1,0,LITAP LAHTTIV ANAHCRA,,342,1043,1385,0,1385
Nanded,,,Naigaon,89,,300,0,2,0,2,0,LITAP LAHTTIV ANAHCRA,,307,1219,1526,0,1526
Nanded,,,Naigaon,89,,301,0,1,0,1,0,LITAP LAHTTIV ANAHCRA,,296,1019,1315,0,1315
Nanded,,,Naigaon,89,,302,0,1,0,1,0,LITAP LAHTTIV ANAHCRA,,259,865,1124,0,1124
Nanded,,,Naigaon,89,,303,0,1,0,1,0,LITAP LAHTTIV ANAHCRA,,352,1307,1659,0,1659
Nanded,,,Naigaon,89,,304,0,0,0,0,0,LITAP LAHTTIV ANAHCRA,,566,1528,2094,0,2094
Nanded,,,Naigaon,89,,305,0,2,0,2,0,LITAP LAHTTIV ANAHCRA,,367,1620,1987,0,1987
Nanded,,,Naigaon,89,,306,0,2,0,2,0,LITAP LAHTTIV ANAHCRA,,348,1790,2138,0,2138
Nanded,,,Naigaon,89,,307,0,4,0,4,0,LITAP LAHTTIV ANAHCRA,,629,1382,2011,0,2011
Nanded,,,Naigaon,89,,308,0,1,0,1,0,LITAP LAHTTIV ANAHCRA,,253,1393,1646,0,1646
Nanded,,,Naigaon,89,,309,0,4,0,4,0,LITAP LAHTTIV ANAHCRA,,134,1331,1465,0,1465
Nanded,,,Naigaon,89,,310,0,1,0,1,0,LITAP LAHTTIV ANAHCRA,,91,1493,1584,0,1584
Nanded,,,Naigaon,89,,311,0,2,0,2,0,LITAP LAHTTIV ANAHCRA,,58,1241,1299,0,1299
Nanded,,,Naigaon,89,,312,0,2,0,2,0,LITAP LAHTTIV ANAHCRA,,199,1151,1350,0,1350
Nanded,,,Naigaon,89,,313,0,3,0,3,0,LITAP LAHTTIV ANAHCRA,,189,1096,1285,0,1285
Nanded,,,Naigaon,89,,314,0,3,0,3,0,LITAP LAHTTIV ANAHCRA,,239,1251,1490,0,1490
Nanded,,,Naigaon,89,,315,0,2,0,2,0,LITAP LAHTTIV ANAHCRA,,355,1202,1557,0,1557
Nanded,,,Naigaon,89,,316,0,0,0,0,0,LITAP LAHTTIV ANAHCRA,,114,858,972,0,972
Nanded,,,Naigaon,89,,317,0,6,0,6,0,LITAP LAHTTIV ANAHCRA,,331,1736,2067,0,2067
Nanded,,,Naigaon,89,,318,0,7,0,7,0,LITAP LAHTTIV ANAHCRA,,372,1670,2042,0,2042
Nanded,,,Naigaon,89,,319,0,5,0,5,0,LITAP LAHTTIV ANAHCRA,,365,1296,1661,0,1661
Nanded,,,Naigaon,89,,320,0,4,0,4,0,LITAP LAHTTIV ANAHCRA,,273,1425,1698,0,1698
Nanded,,,Naigaon,89,,321,0,4,0,4,0,LITAP LAHTTIV ANAHCRA,,346,1515,1861,0,1861
Nanded,,,Naigaon,89,,322,0,0,0,0,0,LITAP LAHTTIV ANAHCRA,,408,970,1378,0,1378
Nanded,,,Naigaon,89,,323,0,2,0,2,0,LITAP LAHTTIV ANAHCRA,,308,929,1237,0,1237
Nanded,,,Naigaon,89,,324,0,1,0,1,0,LITAP LAHTTIV ANAHCRA,,417,1583,2000,0,2000
Nanded,,,Naigaon,89,,325,0,3,0,3,0,LITAP LAHTTIV ANAHCRA,,373,1604,1977,0,1977
Nanded,,,Naigaon,89,,326,0,1,0,1,0,LITAP LAHTTIV ANAHCRA,,215,855,1070,0,1070
Nanded,,,Naigaon,89,,327,0,2,0,2,0,LITAP LAHTTIV ANAHCRA,,527,1866,2393,0,2393
Nanded,,,Naigaon,89,,328,0,0,0,0,0,LITAP LAHTTIV ANAHCRA,,402,1158,1560,0,1560
Nanded,,,Naigaon,89,,329,0,4,0,4,0,LITAP LAHTTIV ANAHCRA,,233,912,1145,0,1145
Nanded,,,Naigaon,89,,330,0,2,0,2,0,LITAP LAHTTIV ANAHCRA,,379,1699,2078,0,2078
Nanded,,,Naigaon,89,,331,0,1,0,1,0,LITAP LAHTTIV ANAHCRA,,434,1665,2099,0,2099
Nanded,,,Naigaon,89,,332,0,1,0,1,0,LITAP LAHTTIV ANAHCRA,,232,1110,1342,0,1342
Nanded,,,Naigaon,89,,333,0,0,0,0,0,LITAP LAHTTIV ANAHCRA,,196,583,779,0,779
Nanded,,,Naigaon,89,,334,0,2,0,2,0,LITAP LAHTTIV ANAHCRA,,329,1255,1584,0,1584
Nanded,,,Naigaon,89,,335,0,1,0,1,0,LITAP LAHTTIV ANAHCRA,,446,1007,1453,0,1453
Nanded,,,Naigaon,89,,336,0,1,0,1,0,LITAP LAHTTIV ANAHCRA,,145,847,992,0,992
Nanded,,,Naigaon,89,,337,0,4,0,4,0,LITAP LAHTTIV ANAHCRA,,279,1160,1439,0,1439
Nanded,,,Naigaon,89,,338,0,0,0,0,0,LITAP LAHTTIV ANAHCRA,,164,634,798,0,798
Nanded,,,Naigaon,89,,339,0,4,0,4,0,LITAP LAHTTIV ANAHCRA,,423,1202,1625,0,1625
Nanded,,,Naigaon,89,,340,0,0,0,0,0,LITAP LAHTTIV ANAHCRA,,363,1073,1436,0,1436
Nanded,,,Naigaon,89,,341,0,3,0,3,0,LITAP LAHTTIV ANAHCRA,,218,1351,1569,0,1569
Nanded,,,Naigaon,89,,342,0,1,0,1,0,LITAP LAHTTIV ANAHCRA,,306,1230,1536,0,1536
Nanded,,,Naigaon,89,,343,0,2,0,2,0,LITAP LAHTTIV ANAHCRA,,676,1455,2131,0,2131
Nanded,,,Naigaon,89,,344,0,2,0,2,0,LITAP LAHTTIV ANAHCRA,,467,1081,1548,0,1548
Nanded,,,Naigaon,89,,345,0,4,0,4,0,LITAP LAHTTIV ANAHCRA,,352,1365,1717,0,1717
Nanded,,,Naigaon,89,,346,0,1,0,1,0,LITAP LAHTTIV ANAHCRA,,211,675,886,0,886
Nanded,,,Naigaon,89,,347,0,3,0,3,0,LITAP LAHTTIV ANAHCRA,,277,1114,1391,0,1391
Nanded,,,Naigaon,89,,348,0,3,0,3,0,LITAP LAHTTIV ANAHCRA,,237,1077,1314,0,1314
Nanded,,,Naigaon,89,,349,0,3,0,3,0,LITAP LAHTTIV ANAHCRA,,272,999,1271,0,1271
Nanded,,,Naigaon,89,,350,0,4,0,4,0,LITAP LAHTTIV ANAHCRA,,290,1282,1572,0,1572
TOTAL,,,,,,,0,734,0,734,5,,,127828,391643,519471,5,519476
