District Name,District No,Jilha,Constituency Name,Constituency No,Total No. of Electors,Serial Poll,Total No. Valid Votes,No. of Rejected Votes,NOTA,Total,No. of Tendered Votes,Elected Person Name,Party Name of Elected Person,No. of Valid Votes Cast in Favour of Elected Person,Other Candidate Votes,Total EVM Votes,Total Postal ballot votes,Total Votes Polled
Nanded,,,Loha,88,,1,3,0,0,3,500,EDNIHS REDNUSMAYHS IABAHSA,,237,257,494,500,994
Nanded,,,Loha,88,,2,2,2,0,4,605,EDNIHS REDNUSMAYHS IABAHSA,,303,300,603,605,1208
Nanded,,,Loha,88,,3,24,0,0,24,640,EDNIHS REDNUSMAYHS IABAHSA,,248,371,619,640,1259
Nanded,,,Loha,88,,4,5,2,0,7,471,EDNIHS REDNUSMAYHS IABAHSA,,254,214,468,471,939
Nanded,,,Loha,88,,5,3,2,0,5,650,EDNIHS REDNUSMAYHS IABAHSA,,390,260,650,650,1300
Nanded,,,Loha,88,,6,2,0,0,2,549,EDNIHS REDNUSMAYHS IABAHSA,,317,236,553,549,1102
Nanded,,,Loha,88,,7,7,2,0,9,1021,EDNIHS REDNUSMAYHS IABAHSA,,335,679,1014,1021,2035
Nanded,,,Loha,88,,8,1,0,0,1,272,EDNIHS REDNUSMAYHS IABAHSA,,143,136,279,272,551
Nanded,,,Loha,88,,9,3,2,0,5,1083,EDNIHS REDNUSMAYHS IABAHSA,,440,646,1086,1083,2169
Nanded,,,Loha,88,,10,2,2,0,4,847,EDNIHS REDNUSMAYHS IABAHSA,,501,352,853,847,1700
Nanded,,,Loha,88,,11,14,2,0,16,554,EDNIHS REDNUSMAYHS IABAHSA,,307,240,547,554,1101
Nanded,,,Loha,88,,12,1,1,0,2,872,EDNIHS REDNUSMAYHS IABAHSA,,382,500,882,872,1754
Nanded,,,Loha,88,,13,1,1,0,2,1111,EDNIHS REDNUSMAYHS IABAHSA,,398,721,1119,1111,2230
Nanded,,,Loha,88,,14,0,0,0,0,562,EDNIHS REDNUSMAYHS IABAHSA,,196,376,572,562,1134
Nanded,,,Loha,88,,15,2,1,0,3,528,EDNIHS REDNUSMAYHS IABAHSA,,162,375,537,528,1065
Nanded,,,Loha,88,,16,8,3,0,11,832,EDNIHS REDNUSMAYHS IABAHSA,,364,469,833,832,1665
Nanded,,,Loha,88,,17,2,0,0,2,757,EDNIHS REDNUSMAYHS IABAHSA,,265,505,770,757,1527
Nanded,,,Loha,88,,18,6,0,0,6,684,EDNIHS REDNUSMAYHS IABAHSA,,292,402,694,684,1378
Nanded,,,Loha,88,,19,6,1,0,7,606,EDNIHS REDNUSMAYHS IABAHSA,,218,400,618,606,1224
Nanded,,,Loha,88,,20,7,2,0,9,600,EDNIHS REDNUSMAYHS IABAHSA,,264,347,611,600,1211
Nanded,,,Loha,88,,21,7,11,0,18,568,EDNIHS REDNUSMAYHS IABAHSA,,327,241,568,568,1136
Nanded,,,Loha,88,,22,12,1,0,13,730,EDNIHS REDNUSMAYHS IABAHSA,,412,326,738,730,1468
Nanded,,,Loha,88,,23,2,3,0,5,462,EDNIHS REDNUSMAYHS IABAHSA,,141,337,478,462,940
Nanded,,,Loha,88,,24,6,4,0,10,937,EDNIHS REDNUSMAYHS IABAHSA,,465,483,948,937,1885
Nanded,,,Loha,88,,25,10,0,0,10,911,EDNIHS REDNUSMAYHS IABAHSA,,520,401,921,911,1832
Nanded,,,Loha,88,,26,8,3,0,11,924,EDNIHS REDNUSMAYHS IABAHSA,,402,533,935,924,1859
Nanded,,,Loha,88,,27,69,0,0,69,550,EDNIHS REDNUSMAYHS IABAHSA,,113,395,508,550,1058
Nanded,,,Loha,88,,28,128,1,0,129,663,EDNIHS REDNUSMAYHS IABAHSA,,239,322,561,663,1224
Nanded,,,Loha,88,,29,100,1,0,101,679,EDNIHS REDNUSMAYHS IABAHSA,,199,408,607,679,1286
Nanded,,,Loha,88,,30,128,1,0,129,556,EDNIHS REDNUSMAYHS IABAHSA,,190,266,456,556,1012
Nanded,,,Loha,88,,31,286,3,0,289,965,EDNIHS REDNUSMAYHS IABAHSA,,239,464,703,965,1668
Nanded,,,Loha,88,,32,24,2,0,26,813,EDNIHS REDNUSMAYHS IABAHSA,,358,460,818,813,1631
Nanded,,,Loha,88,,33,21,0,0,21,776,EDNIHS REDNUSMAYHS IABAHSA,,219,569,788,776,1564
Nanded,,,Loha,88,,34,19,3,0,22,903,EDNIHS REDNUSMAYHS IABAHSA,,537,377,914,903,1817
Nanded,,,Loha,88,,35,23,1,0,24,363,EDNIHS REDNUSMAYHS IABAHSA,,262,112,374,363,737
Nanded,,,Loha,88,,36,2,2,0,4,598,EDNIHS REDNUSMAYHS IABAHSA,,172,457,629,598,1227
Nanded,,,Loha,88,,37,4,1,0,5,522,EDNIHS REDNUSMAYHS IABAHSA,,155,399,554,522,1076
Nanded,,,Loha,88,,38,10,1,0,11,502,EDNIHS REDNUSMAYHS IABAHSA,,296,228,524,502,1026
Nanded,,,Loha,88,,39,19,1,0,20,912,EDNIHS REDNUSMAYHS IABAHSA,,456,474,930,912,1842
Nanded,,,Loha,88,,40,28,1,0,29,911,EDNIHS REDNUSMAYHS IABAHSA,,464,456,920,911,1831
Nanded,,,Loha,88,,41,5,0,0,5,553,EDNIHS REDNUSMAYHS IABAHSA,,195,392,587,553,1140
Nanded,,,Loha,88,,42,74,0,0,74,922,EDNIHS REDNUSMAYHS IABAHSA,,330,560,890,922,1812
Nanded,,,Loha,88,,43,6,1,0,7,666,EDNIHS REDNUSMAYHS IABAHSA,,233,468,701,666,1367
Nanded,,,Loha,88,,45,11,5,0,16,790,EDNIHS REDNUSMAYHS IABAHSA,,297,517,814,790,1604
Nanded,,,Loha,88,,46,11,1,0,12,472,EDNIHS REDNUSMAYHS IABAHSA,,220,285,505,472,977
Nanded,,,Loha,88,,47,2,0,0,2,509,EDNIHS REDNUSMAYHS IABAHSA,,208,346,554,509,1063
Nanded,,,Loha,88,,48,21,1,0,22,821,EDNIHS REDNUSMAYHS IABAHSA,,362,485,847,821,1668
Nanded,,,Loha,88,,49,1,0,0,1,717,EDNIHS REDNUSMAYHS IABAHSA,,302,462,764,717,1481
Nanded,,,Loha,88,,50,2,2,0,4,611,EDNIHS REDNUSMAYHS IABAHSA,,271,385,656,611,1267
Nanded,,,Loha,88,,51,1,1,0,2,541,EDNIHS REDNUSMAYHS IABAHSA,,238,352,590,541,1131
Nanded,,,Loha,88,,52,8,0,0,8,839,EDNIHS REDNUSMAYHS IABAHSA,,362,520,882,839,1721
Nanded,,,Loha,88,,53,4,0,0,4,763,EDNIHS REDNUSMAYHS IABAHSA,,313,497,810,763,1573
Nanded,,,Loha,88,,54,15,3,0,18,774,EDNIHS REDNUSMAYHS IABAHSA,,282,525,807,774,1581
Nanded,,,Loha,88,,55,101,1,0,102,699,EDNIHS REDNUSMAYHS IABAHSA,,149,503,652,699,1351
Nanded,,,Loha,88,,56,170,2,0,172,748,EDNIHS REDNUSMAYHS IABAHSA,,126,504,630,748,1378
Nanded,,,Loha,88,,57,25,0,0,25,635,EDNIHS REDNUSMAYHS IABAHSA,,201,465,666,635,1301
Nanded,,,Loha,88,,58,42,1,0,43,591,EDNIHS REDNUSMAYHS IABAHSA,,148,457,605,591,1196
Nanded,,,Loha,88,,59,37,0,0,37,724,EDNIHS REDNUSMAYHS IABAHSA,,368,377,745,724,1469
Nanded,,,Loha,88,,60,96,0,0,96,848,EDNIHS REDNUSMAYHS IABAHSA,,410,402,812,848,1660
Nanded,,,Loha,88,,61,103,0,0,103,831,EDNIHS REDNUSMAYHS IABAHSA,,277,509,786,831,1617
Nanded,,,Loha,88,,62,92,2,0,94,833,EDNIHS REDNUSMAYHS IABAHSA,,238,560,798,833,1631
Nanded,,,Loha,88,,63,59,0,0,59,873,EDNIHS REDNUSMAYHS IABAHSA,,258,617,875,873,1748
Nanded,,,Loha,88,,64,44,2,0,46,766,EDNIHS REDNUSMAYHS IABAHSA,,170,609,779,766,1545
Nanded,,,Loha,88,,65,2,0,0,2,401,EDNIHS REDNUSMAYHS IABAHSA,,104,359,463,401,864
Nanded,,,Loha,88,,66,1,1,0,2,495,EDNIHS REDNUSMAYHS IABAHSA,,118,440,558,495,1053
Nanded,,,Loha,88,,67,63,0,0,63,719,EDNIHS REDNUSMAYHS IABAHSA,,58,665,723,719,1442
Nanded,,,Loha,88,,68,4,0,0,4,807,EDNIHS REDNUSMAYHS IABAHSA,,421,448,869,807,1676
Nanded,,,Loha,88,,69,1,3,0,4,689,EDNIHS REDNUSMAYHS IABAHSA,,261,491,752,689,1441
Nanded,,,Loha,88,,70,5,0,0,5,452,EDNIHS REDNUSMAYHS IABAHSA,,121,396,517,452,969
Nanded,,,Loha,88,,71,5,3,0,8,810,EDNIHS REDNUSMAYHS IABAHSA,,242,630,872,810,1682
Nanded,,,Loha,88,,72,3,0,0,3,628,EDNIHS REDNUSMAYHS IABAHSA,,233,463,696,628,1324
Nanded,,,Loha,88,,73,4,1,0,5,789,EDNIHS REDNUSMAYHS IABAHSA,,448,408,856,789,1645
Nanded,,,Loha,88,,74,10,3,0,13,921,EDNIHS REDNUSMAYHS IABAHSA,,348,633,981,921,1902
Nanded,,,Loha,88,,75,4,1,0,5,381,EDNIHS REDNUSMAYHS IABAHSA,,135,316,451,381,832
Nanded,,,Loha,88,,76,6,1,0,7,563,EDNIHS REDNUSMAYHS IABAHSA,,175,455,630,563,1193
Nanded,,,Loha,88,,77,7,0,0,7,426,EDNIHS REDNUSMAYHS IABAHSA,,208,288,496,426,922
Nanded,,,Loha,88,,78,84,3,0,87,722,EDNIHS REDNUSMAYHS IABAHSA,,386,325,711,722,1433
Nanded,,,Loha,88,,79,35,1,0,36,743,EDNIHS REDNUSMAYHS IABAHSA,,243,541,784,743,1527
Nanded,,,Loha,88,,80,55,0,0,55,658,EDNIHS REDNUSMAYHS IABAHSA,,306,375,681,658,1339
Nanded,,,Loha,88,,81,11,1,0,12,978,EDNIHS REDNUSMAYHS IABAHSA,,317,730,1047,978,2025
Nanded,,,Loha,88,,82,191,0,0,191,1066,EDNIHS REDNUSMAYHS IABAHSA,,293,664,957,1066,2023
Nanded,,,Loha,88,,83,91,2,0,93,465,EDNIHS REDNUSMAYHS IABAHSA,,116,337,453,465,918
Nanded,,,Loha,88,,84,10,0,0,10,430,EDNIHS REDNUSMAYHS IABAHSA,,73,431,504,430,934
Nanded,,,Loha,88,,85,98,0,0,98,1005,EDNIHS REDNUSMAYHS IABAHSA,,219,771,990,1005,1995
Nanded,,,Loha,88,,86,103,1,0,104,936,EDNIHS REDNUSMAYHS IABAHSA,,167,750,917,936,1853
Nanded,,,Loha,88,,87,111,1,0,112,801,EDNIHS REDNUSMAYHS IABAHSA,,226,549,775,801,1576
Nanded,,,Loha,88,,89,91,0,0,91,679,EDNIHS REDNUSMAYHS IABAHSA,,259,417,676,679,1355
Nanded,,,Loha,88,,90,32,0,0,32,570,EDNIHS REDNUSMAYHS IABAHSA,,213,415,628,570,1198
Nanded,,,Loha,88,,91,129,2,0,131,1061,EDNIHS REDNUSMAYHS IABAHSA,,311,705,1016,1061,2077
Nanded,,,Loha,88,,92,8,1,0,9,654,EDNIHS REDNUSMAYHS IABAHSA,,176,560,736,654,1390
Nanded,,,Loha,88,,93,11,2,0,13,979,EDNIHS REDNUSMAYHS IABAHSA,,280,778,1058,979,2037
Nanded,,,Loha,88,,94,3,1,0,4,747,EDNIHS REDNUSMAYHS IABAHSA,,159,677,836,747,1583
Nanded,,,Loha,88,,95,5,3,0,8,629,EDNIHS REDNUSMAYHS IABAHSA,,134,579,713,629,1342
Nanded,,,Loha,88,,96,1,3,0,4,847,EDNIHS REDNUSMAYHS IABAHSA,,305,631,936,847,1783
Nanded,,,Loha,88,,97,33,1,0,34,613,EDNIHS REDNUSMAYHS IABAHSA,,83,593,676,613,1289
Nanded,,,Loha,88,,98,80,2,0,82,633,EDNIHS REDNUSMAYHS IABAHSA,,266,383,649,633,1282
Nanded,,,Loha,88,,99,80,1,0,81,918,EDNIHS REDNUSMAYHS IABAHSA,,408,526,934,918,1852
Nanded,,,Loha,88,,100,214,0,0,214,937,EDNIHS REDNUSMAYHS IABAHSA,,319,503,822,937,1759
Nanded,,,Loha,88,,101,53,1,0,54,482,EDNIHS REDNUSMAYHS IABAHSA,,187,340,527,482,1009
Nanded,,,Loha,88,,102,33,0,0,33,436,EDNIHS REDNUSMAYHS IABAHSA,,172,331,503,436,939
Nanded,,,Loha,88,,103,246,2,0,248,969,EDNIHS REDNUSMAYHS IABAHSA,,297,523,820,969,1789
Nanded,,,Loha,88,,104,132,1,0,133,494,EDNIHS REDNUSMAYHS IABAHSA,,226,239,465,494,959
Nanded,,,Loha,88,,105,134,2,0,136,535,EDNIHS REDNUSMAYHS IABAHSA,,193,311,504,535,1039
Nanded,,,Loha,88,,106,104,2,0,106,791,EDNIHS REDNUSMAYHS IABAHSA,,391,398,789,791,1580
Nanded,,,Loha,88,,107,54,2,0,56,938,EDNIHS REDNUSMAYHS IABAHSA,,211,776,987,938,1925
Nanded,,,Loha,88,,108,11,3,0,14,941,EDNIHS REDNUSMAYHS IABAHSA,,430,601,1031,941,1972
Nanded,,,Loha,88,,109,87,1,0,88,611,EDNIHS REDNUSMAYHS IABAHSA,,240,390,630,611,1241
Nanded,,,Loha,88,,110,11,0,0,11,624,EDNIHS REDNUSMAYHS IABAHSA,,232,490,722,624,1346
Nanded,,,Loha,88,,111,8,2,0,10,579,EDNIHS REDNUSMAYHS IABAHSA,,249,431,680,579,1259
Nanded,,,Loha,88,,112,3,2,0,5,509,EDNIHS REDNUSMAYHS IABAHSA,,275,339,614,509,1123
Nanded,,,Loha,88,,113,3,0,0,3,857,EDNIHS REDNUSMAYHS IABAHSA,,532,427,959,857,1816
Nanded,,,Loha,88,,114,4,0,0,4,859,EDNIHS REDNUSMAYHS IABAHSA,,464,503,967,859,1826
Nanded,,,Loha,88,,115,36,0,0,36,503,EDNIHS REDNUSMAYHS IABAHSA,,233,348,581,503,1084
Nanded,,,Loha,88,,116,61,0,0,61,764,EDNIHS REDNUSMAYHS IABAHSA,,338,480,818,764,1582
Nanded,,,Loha,88,,117,6,3,0,9,692,EDNIHS REDNUSMAYHS IABAHSA,,275,521,796,692,1488
Nanded,,,Loha,88,,118,62,0,0,62,532,EDNIHS REDNUSMAYHS IABAHSA,,278,304,582,532,1114
Nanded,,,Loha,88,,119,1,2,0,3,679,EDNIHS REDNUSMAYHS IABAHSA,,209,585,794,679,1473
Nanded,,,Loha,88,,120,4,0,0,4,709,EDNIHS REDNUSMAYHS IABAHSA,,247,576,823,709,1532
Nanded,,,Loha,88,,121,5,0,0,5,760,EDNIHS REDNUSMAYHS IABAHSA,,260,616,876,760,1636
Nanded,,,Loha,88,,122,3,2,0,5,618,EDNIHS REDNUSMAYHS IABAHSA,,211,523,734,618,1352
Nanded,,,Loha,88,,123,127,2,0,129,1023,EDNIHS REDNUSMAYHS IABAHSA,,219,796,1015,1023,2038
Nanded,,,Loha,88,,124,264,2,0,266,989,EDNIHS REDNUSMAYHS IABAHSA,,110,737,847,989,1836
Nanded,,,Loha,88,,125,26,0,0,26,817,EDNIHS REDNUSMAYHS IABAHSA,,255,659,914,817,1731
Nanded,,,Loha,88,,126,8,1,0,9,627,EDNIHS REDNUSMAYHS IABAHSA,,171,570,741,627,1368
Nanded,,,Loha,88,,127,79,3,0,82,589,EDNIHS REDNUSMAYHS IABAHSA,,298,335,633,589,1222
Nanded,,,Loha,88,,128,154,1,0,155,590,EDNIHS REDNUSMAYHS IABAHSA,,146,416,562,590,1152
Nanded,,,Loha,88,,129,431,3,0,434,1106,EDNIHS REDNUSMAYHS IABAHSA,,297,502,799,1106,1905
Nanded,,,Loha,88,,130,75,1,0,76,768,EDNIHS REDNUSMAYHS IABAHSA,,261,555,816,768,1584
Nanded,,,Loha,88,,131,314,3,0,317,1053,EDNIHS REDNUSMAYHS IABAHSA,,280,583,863,1053,1916
Nanded,,,Loha,88,,133,99,0,0,99,904,EDNIHS REDNUSMAYHS IABAHSA,,237,701,938,904,1842
Nanded,,,Loha,88,,134,122,3,0,125,677,EDNIHS REDNUSMAYHS IABAHSA,,211,472,683,677,1360
Nanded,,,Loha,88,,135,108,0,0,108,626,EDNIHS REDNUSMAYHS IABAHSA,,258,394,652,626,1278
Nanded,,,Loha,88,,136,70,2,0,72,556,EDNIHS REDNUSMAYHS IABAHSA,,250,367,617,556,1173
Nanded,,,Loha,88,,137,67,0,0,67,697,EDNIHS REDNUSMAYHS IABAHSA,,395,371,766,697,1463
Nanded,,,Loha,88,,138,124,0,0,124,683,EDNIHS REDNUSMAYHS IABAHSA,,284,413,697,683,1380
Nanded,,,Loha,88,,139,68,4,0,72,633,EDNIHS REDNUSMAYHS IABAHSA,,205,494,699,633,1332
Nanded,,,Loha,88,,140,69,0,0,69,617,EDNIHS REDNUSMAYHS IABAHSA,,158,529,687,617,1304
Nanded,,,Loha,88,,141,50,0,0,50,442,EDNIHS REDNUSMAYHS IABAHSA,,184,348,532,442,974
Nanded,,,Loha,88,,142,36,0,0,36,474,EDNIHS REDNUSMAYHS IABAHSA,,179,400,579,474,1053
Nanded,,,Loha,88,,143,58,1,0,59,931,EDNIHS REDNUSMAYHS IABAHSA,,369,643,1012,931,1943
Nanded,,,Loha,88,,144,137,3,0,140,616,EDNIHS REDNUSMAYHS IABAHSA,,172,447,619,616,1235
Nanded,,,Loha,88,,145,131,2,0,133,600,EDNIHS REDNUSMAYHS IABAHSA,,202,409,611,600,1211
Nanded,,,Loha,88,,146,79,1,0,80,784,EDNIHS REDNUSMAYHS IABAHSA,,362,485,847,784,1631
Nanded,,,Loha,88,,147,68,0,0,68,681,EDNIHS REDNUSMAYHS IABAHSA,,237,522,759,681,1440
Nanded,,,Loha,88,,148,423,0,43,423,657,EDNIHS REDNUSMAYHS IABAHSA,,110,270,380,657,1037
Nanded,,,Loha,88,,149,106,2,0,108,415,EDNIHS REDNUSMAYHS IABAHSA,,152,304,456,415,871
Nanded,,,Loha,88,,150,64,4,0,68,853,EDNIHS REDNUSMAYHS IABAHSA,,286,648,934,853,1787
Nanded,,,Loha,88,,151,6,1,0,7,832,EDNIHS REDNUSMAYHS IABAHSA,,306,670,976,832,1808
Nanded,,,Loha,88,,152,3,0,0,3,387,EDNIHS REDNUSMAYHS IABAHSA,,109,426,535,387,922
Nanded,,,Loha,88,,153,11,0,0,11,836,EDNIHS REDNUSMAYHS IABAHSA,,154,824,978,836,1814
Nanded,,,Loha,88,,154,233,1,0,234,676,EDNIHS REDNUSMAYHS IABAHSA,,214,379,593,676,1269
Nanded,,,Loha,88,,155,250,1,0,251,574,EDNIHS REDNUSMAYHS IABAHSA,,111,366,477,574,1051
Nanded,,,Loha,88,,156,87,0,0,87,715,EDNIHS REDNUSMAYHS IABAHSA,,164,620,784,715,1499
Nanded,,,Loha,88,,157,392,1,0,393,1009,EDNIHS REDNUSMAYHS IABAHSA,,235,537,772,1009,1781
Nanded,,,Loha,88,,158,19,0,0,19,304,EDNIHS REDNUSMAYHS IABAHSA,,84,357,441,304,745
Nanded,,,Loha,88,,159,70,0,0,70,575,EDNIHS REDNUSMAYHS IABAHSA,,143,521,664,575,1239
Nanded,,,Loha,88,,160,17,0,0,17,581,EDNIHS REDNUSMAYHS IABAHSA,,107,617,724,581,1305
Nanded,,,Loha,88,,161,198,2,0,200,564,EDNIHS REDNUSMAYHS IABAHSA,,49,476,525,564,1089
Nanded,,,Loha,88,,162,180,1,0,181,644,EDNIHS REDNUSMAYHS IABAHSA,,75,550,625,644,1269
Nanded,,,Loha,88,,163,66,0,0,66,651,EDNIHS REDNUSMAYHS IABAHSA,,84,662,746,651,1397
Nanded,,,Loha,88,,164,84,0,0,84,530,EDNIHS REDNUSMAYHS IABAHSA,,46,564,610,530,1140
Nanded,,,Loha,88,,165,19,1,0,20,556,EDNIHS REDNUSMAYHS IABAHSA,,166,534,700,556,1256
Nanded,,,Loha,88,,166,77,1,0,78,602,EDNIHS REDNUSMAYHS IABAHSA,,199,491,690,602,1292
Nanded,,,Loha,88,,167,26,2,0,28,702,EDNIHS REDNUSMAYHS IABAHSA,,226,614,840,702,1542
Nanded,,,Loha,88,,168,5,0,0,5,516,EDNIHS REDNUSMAYHS IABAHSA,,137,542,679,516,1195
Nanded,,,Loha,88,,169,4,1,0,5,590,EDNIHS REDNUSMAYHS IABAHSA,,210,543,753,590,1343
Nanded,,,Loha,88,,170,3,2,0,5,560,EDNIHS REDNUSMAYHS IABAHSA,,189,536,725,560,1285
Nanded,,,Loha,88,,171,15,1,0,16,851,EDNIHS REDNUSMAYHS IABAHSA,,256,750,1006,851,1857
Nanded,,,Loha,88,,172,9,0,0,9,939,EDNIHS REDNUSMAYHS IABAHSA,,499,602,1101,939,2040
Nanded,,,Loha,88,,173,10,0,0,10,788,EDNIHS REDNUSMAYHS IABAHSA,,484,464,948,788,1736
Nanded,,,Loha,88,,174,7,1,0,8,810,EDNIHS REDNUSMAYHS IABAHSA,,436,539,975,810,1785
Nanded,,,Loha,88,,175,0,2,0,2,713,EDNIHS REDNUSMAYHS IABAHSA,,414,469,883,713,1596
Nanded,,,Loha,88,,177,17,0,0,17,842,EDNIHS REDNUSMAYHS IABAHSA,,272,730,1002,842,1844
Nanded,,,Loha,88,,178,7,1,0,8,737,EDNIHS REDNUSMAYHS IABAHSA,,279,626,905,737,1642
Nanded,,,Loha,88,,179,0,1,0,1,611,EDNIHS REDNUSMAYHS IABAHSA,,97,692,789,611,1400
Nanded,,,Loha,88,,180,5,1,0,6,679,EDNIHS REDNUSMAYHS IABAHSA,,116,733,849,679,1528
Nanded,,,Loha,88,,181,162,1,0,163,550,EDNIHS REDNUSMAYHS IABAHSA,,92,476,568,550,1118
Nanded,,,Loha,88,,182,9,1,0,10,613,EDNIHS REDNUSMAYHS IABAHSA,,227,558,785,613,1398
Nanded,,,Loha,88,,183,3,1,0,4,587,EDNIHS REDNUSMAYHS IABAHSA,,126,640,766,587,1353
Nanded,,,Loha,88,,184,13,1,0,14,587,EDNIHS REDNUSMAYHS IABAHSA,,81,673,754,587,1341
Nanded,,,Loha,88,,185,7,0,0,7,583,EDNIHS REDNUSMAYHS IABAHSA,,68,691,759,583,1342
Nanded,,,Loha,88,,186,25,2,0,27,731,EDNIHS REDNUSMAYHS IABAHSA,,239,650,889,731,1620
Nanded,,,Loha,88,,187,23,0,0,23,366,EDNIHS REDNUSMAYHS IABAHSA,,121,409,530,366,896
Nanded,,,Loha,88,,188,114,0,0,114,373,EDNIHS REDNUSMAYHS IABAHSA,,141,306,447,373,820
Nanded,,,Loha,88,,189,201,1,0,202,858,EDNIHS REDNUSMAYHS IABAHSA,,249,594,843,858,1701
Nanded,,,Loha,88,,190,27,0,0,27,412,EDNIHS REDNUSMAYHS IABAHSA,,162,413,575,412,987
Nanded,,,Loha,88,,191,15,1,0,16,945,EDNIHS REDNUSMAYHS IABAHSA,,94,1024,1118,945,2063
Nanded,,,Loha,88,,192,12,0,0,12,1011,EDNIHS REDNUSMAYHS IABAHSA,,89,1101,1190,1011,2201
Nanded,,,Loha,88,,193,91,1,0,92,466,EDNIHS REDNUSMAYHS IABAHSA,,97,469,566,466,1032
Nanded,,,Loha,88,,194,4,0,0,4,736,EDNIHS REDNUSMAYHS IABAHSA,,251,675,926,736,1662
Nanded,,,Loha,88,,195,271,4,0,275,891,EDNIHS REDNUSMAYHS IABAHSA,,202,604,806,891,1697
Nanded,,,Loha,88,,196,355,1,0,356,767,EDNIHS REDNUSMAYHS IABAHSA,,147,458,605,767,1372
Nanded,,,Loha,88,,197,326,3,0,329,860,EDNIHS REDNUSMAYHS IABAHSA,,208,520,728,860,1588
Nanded,,,Loha,88,,198,56,2,0,58,859,EDNIHS REDNUSMAYHS IABAHSA,,169,828,997,859,1856
Nanded,,,Loha,88,,199,67,1,0,68,562,EDNIHS REDNUSMAYHS IABAHSA,,82,611,693,562,1255
Nanded,,,Loha,88,,200,45,0,0,45,593,EDNIHS REDNUSMAYHS IABAHSA,,292,455,747,593,1340
Nanded,,,Loha,88,,201,12,0,0,12,756,EDNIHS REDNUSMAYHS IABAHSA,,152,793,945,756,1701
Nanded,,,Loha,88,,202,32,2,0,34,840,EDNIHS REDNUSMAYHS IABAHSA,,120,887,1007,840,1847
Nanded,,,Loha,88,,203,80,1,0,81,517,EDNIHS REDNUSMAYHS IABAHSA,,89,550,639,517,1156
Nanded,,,Loha,88,,204,50,0,0,50,471,EDNIHS REDNUSMAYHS IABAHSA,,56,569,625,471,1096
Nanded,,,Loha,88,,205,74,0,0,74,586,EDNIHS REDNUSMAYHS IABAHSA,,105,612,717,586,1303
Nanded,,,Loha,88,,206,231,0,0,231,656,EDNIHS REDNUSMAYHS IABAHSA,,65,565,630,656,1286
Nanded,,,Loha,88,,207,97,2,0,99,383,EDNIHS REDNUSMAYHS IABAHSA,,84,407,491,383,874
Nanded,,,Loha,88,,208,6,0,0,6,1009,EDNIHS REDNUSMAYHS IABAHSA,,228,983,1211,1009,2220
Nanded,,,Loha,88,,209,15,0,0,15,600,EDNIHS REDNUSMAYHS IABAHSA,,100,694,794,600,1394
Nanded,,,Loha,88,,210,78,1,0,79,473,EDNIHS REDNUSMAYHS IABAHSA,,49,554,603,473,1076
Nanded,,,Loha,88,,211,14,0,0,14,731,EDNIHS REDNUSMAYHS IABAHSA,,102,826,928,731,1659
Nanded,,,Loha,88,,212,15,0,0,15,500,EDNIHS REDNUSMAYHS IABAHSA,,60,637,697,500,1197
Nanded,,,Loha,88,,213,36,2,0,38,466,EDNIHS REDNUSMAYHS IABAHSA,,95,546,641,466,1107
Nanded,,,Loha,88,,214,93,2,0,95,754,EDNIHS REDNUSMAYHS IABAHSA,,254,619,873,754,1627
Nanded,,,Loha,88,,215,63,0,0,63,412,EDNIHS REDNUSMAYHS IABAHSA,,141,423,564,412,976
Nanded,,,Loha,88,,216,51,1,0,52,527,EDNIHS REDNUSMAYHS IABAHSA,,122,567,689,527,1216
Nanded,,,Loha,88,,217,27,1,0,28,505,EDNIHS REDNUSMAYHS IABAHSA,,159,534,693,505,1198
Nanded,,,Loha,88,,218,13,1,0,14,637,EDNIHS REDNUSMAYHS IABAHSA,,254,584,838,637,1475
Nanded,,,Loha,88,,219,19,2,0,21,478,EDNIHS REDNUSMAYHS IABAHSA,,156,516,672,478,1150
Nanded,,,Loha,88,,221,5,0,0,5,578,EDNIHS REDNUSMAYHS IABAHSA,,85,708,793,578,1371
Nanded,,,Loha,88,,222,80,0,0,80,560,EDNIHS REDNUSMAYHS IABAHSA,,315,386,701,560,1261
Nanded,,,Loha,88,,223,15,2,0,17,460,EDNIHS REDNUSMAYHS IABAHSA,,246,418,664,460,1124
Nanded,,,Loha,88,,224,13,2,0,15,700,EDNIHS REDNUSMAYHS IABAHSA,,158,750,908,700,1608
Nanded,,,Loha,88,,225,29,1,0,30,665,EDNIHS REDNUSMAYHS IABAHSA,,157,701,858,665,1523
Nanded,,,Loha,88,,226,23,0,0,23,565,EDNIHS REDNUSMAYHS IABAHSA,,71,696,767,565,1332
Nanded,,,Loha,88,,227,63,1,0,64,401,EDNIHS REDNUSMAYHS IABAHSA,,128,436,564,401,965
Nanded,,,Loha,88,,228,56,0,0,56,707,EDNIHS REDNUSMAYHS IABAHSA,,217,662,879,707,1586
Nanded,,,Loha,88,,229,10,0,0,10,618,EDNIHS REDNUSMAYHS IABAHSA,,172,665,837,618,1455
Nanded,,,Loha,88,,230,12,0,0,12,631,EDNIHS REDNUSMAYHS IABAHSA,,182,663,845,631,1476
Nanded,,,Loha,88,,231,37,2,0,39,474,EDNIHS REDNUSMAYHS IABAHSA,,315,351,666,474,1140
Nanded,,,Loha,88,,232,22,0,0,22,427,EDNIHS REDNUSMAYHS IABAHSA,,215,422,637,427,1064
Nanded,,,Loha,88,,233,75,2,0,77,628,EDNIHS REDNUSMAYHS IABAHSA,,150,633,783,628,1411
Nanded,,,Loha,88,,234,36,0,0,36,642,EDNIHS REDNUSMAYHS IABAHSA,,182,657,839,642,1481
Nanded,,,Loha,88,,235,30,1,0,31,623,EDNIHS REDNUSMAYHS IABAHSA,,236,588,824,623,1447
Nanded,,,Loha,88,,236,2,0,0,2,463,EDNIHS REDNUSMAYHS IABAHSA,,58,638,696,463,1159
Nanded,,,Loha,88,,237,53,1,0,54,710,EDNIHS REDNUSMAYHS IABAHSA,,231,659,890,710,1600
Nanded,,,Loha,88,,238,30,2,0,32,736,EDNIHS REDNUSMAYHS IABAHSA,,106,834,940,736,1676
Nanded,,,Loha,88,,239,141,2,0,143,840,EDNIHS REDNUSMAYHS IABAHSA,,178,757,935,840,1775
Nanded,,,Loha,88,,240,83,0,0,83,614,EDNIHS REDNUSMAYHS IABAHSA,,154,616,770,614,1384
Nanded,,,Loha,88,,241,50,2,0,52,931,EDNIHS REDNUSMAYHS IABAHSA,,305,811,1116,931,2047
Nanded,,,Loha,88,,242,11,0,0,11,718,EDNIHS REDNUSMAYHS IABAHSA,,181,767,948,718,1666
Nanded,,,Loha,88,,243,8,1,0,9,487,EDNIHS REDNUSMAYHS IABAHSA,,143,577,720,487,1207
Nanded,,,Loha,88,,244,0,1,0,1,266,EDNIHS REDNUSMAYHS IABAHSA,,115,394,509,266,775
Nanded,,,Loha,88,,245,1,3,0,4,606,EDNIHS REDNUSMAYHS IABAHSA,,301,543,844,606,1450
Nanded,,,Loha,88,,246,1,2,0,3,382,EDNIHS REDNUSMAYHS IABAHSA,,105,517,622,382,1004
Nanded,,,Loha,88,,247,58,2,0,60,732,EDNIHS REDNUSMAYHS IABAHSA,,269,650,919,732,1651
Nanded,,,Loha,88,,248,26,2,0,28,746,EDNIHS REDNUSMAYHS IABAHSA,,236,729,965,746,1711
Nanded,,,Loha,88,,249,7,0,0,7,762,EDNIHS REDNUSMAYHS IABAHSA,,200,801,1001,762,1763
Nanded,,,Loha,88,,250,19,3,0,22,1041,EDNIHS REDNUSMAYHS IABAHSA,,375,893,1268,1041,2309
Nanded,,,Loha,88,,251,6,0,0,6,528,EDNIHS REDNUSMAYHS IABAHSA,,218,553,771,528,1299
Nanded,,,Loha,88,,252,8,1,0,9,554,EDNIHS REDNUSMAYHS IABAHSA,,145,649,794,554,1348
Nanded,,,Loha,88,,253,7,2,0,9,1019,EDNIHS REDNUSMAYHS IABAHSA,,355,904,1259,1019,2278
Nanded,,,Loha,88,,254,6,0,0,6,911,EDNIHS REDNUSMAYHS IABAHSA,,354,804,1158,911,2069
Nanded,,,Loha,88,,255,9,0,0,9,948,EDNIHS REDNUSMAYHS IABAHSA,,259,935,1194,948,2142
Nanded,,,Loha,88,,256,181,0,0,181,465,EDNIHS REDNUSMAYHS IABAHSA,,110,430,540,465,1005
Nanded,,,Loha,88,,257,146,2,0,148,664,EDNIHS REDNUSMAYHS IABAHSA,,169,603,772,664,1436
Nanded,,,Loha,88,,258,111,0,0,111,537,EDNIHS REDNUSMAYHS IABAHSA,,76,608,684,537,1221
Nanded,,,Loha,88,,259,241,2,0,243,599,EDNIHS REDNUSMAYHS IABAHSA,,87,523,610,599,1209
Nanded,,,Loha,88,,260,65,1,0,66,935,EDNIHS REDNUSMAYHS IABAHSA,,211,918,1129,935,2064
Nanded,,,Loha,88,,261,32,1,0,33,805,EDNIHS REDNUSMAYHS IABAHSA,,259,773,1032,805,1837
Nanded,,,Loha,88,,262,70,0,0,70,770,EDNIHS REDNUSMAYHS IABAHSA,,118,844,962,770,1732
Nanded,,,Loha,88,,263,22,2,0,24,778,EDNIHS REDNUSMAYHS IABAHSA,,256,760,1016,778,1794
Nanded,,,Loha,88,,265,9,1,0,10,435,EDNIHS REDNUSMAYHS IABAHSA,,43,647,690,435,1125
Nanded,,,Loha,88,,266,6,1,0,7,823,EDNIHS REDNUSMAYHS IABAHSA,,156,925,1081,823,1904
Nanded,,,Loha,88,,267,1,0,0,1,363,EDNIHS REDNUSMAYHS IABAHSA,,71,557,628,363,991
Nanded,,,Loha,88,,268,87,0,0,87,403,EDNIHS REDNUSMAYHS IABAHSA,,76,508,584,403,987
Nanded,,,Loha,88,,269,6,0,0,6,833,EDNIHS REDNUSMAYHS IABAHSA,,48,1046,1094,833,1927
Nanded,,,Loha,88,,270,43,0,0,43,814,EDNIHS REDNUSMAYHS IABAHSA,,191,850,1041,814,1855
Nanded,,,Loha,88,,271,28,1,0,29,422,EDNIHS REDNUSMAYHS IABAHSA,,44,620,664,422,1086
Nanded,,,Loha,88,,272,60,0,0,60,359,EDNIHS REDNUSMAYHS IABAHSA,,120,451,571,359,930
Nanded,,,Loha,88,,273,143,1,0,144,315,EDNIHS REDNUSMAYHS IABAHSA,,49,395,444,315,759
Nanded,,,Loha,88,,274,146,0,0,146,703,EDNIHS REDNUSMAYHS IABAHSA,,146,685,831,703,1534
Nanded,,,Loha,88,,275,59,0,0,59,704,EDNIHS REDNUSMAYHS IABAHSA,,93,827,920,704,1624
Nanded,,,Loha,88,,276,193,1,0,194,668,EDNIHS REDNUSMAYHS IABAHSA,,166,583,749,668,1417
Nanded,,,Loha,88,,277,215,1,0,216,642,EDNIHS REDNUSMAYHS IABAHSA,,108,595,703,642,1345
Nanded,,,Loha,88,,278,89,0,0,89,313,EDNIHS REDNUSMAYHS IABAHSA,,118,383,501,313,814
Nanded,,,Loha,88,,279,178,2,0,180,724,EDNIHS REDNUSMAYHS IABAHSA,,132,689,821,724,1545
Nanded,,,Loha,88,,280,39,0,0,39,534,EDNIHS REDNUSMAYHS IABAHSA,,279,496,775,534,1309
Nanded,,,Loha,88,,281,50,1,0,51,645,EDNIHS REDNUSMAYHS IABAHSA,,324,550,874,645,1519
Nanded,,,Loha,88,,282,14,0,0,14,370,EDNIHS REDNUSMAYHS IABAHSA,,271,367,638,370,1008
Nanded,,,Loha,88,,283,7,0,0,7,664,EDNIHS REDNUSMAYHS IABAHSA,,244,696,940,664,1604
Nanded,,,Loha,88,,284,2,0,0,2,703,EDNIHS REDNUSMAYHS IABAHSA,,252,733,985,703,1688
Nanded,,,Loha,88,,285,32,0,0,32,518,EDNIHS REDNUSMAYHS IABAHSA,,236,534,770,518,1288
Nanded,,,Loha,88,,286,3,0,0,3,597,EDNIHS REDNUSMAYHS IABAHSA,,274,606,880,597,1477
Nanded,,,Loha,88,,287,8,1,0,9,825,EDNIHS REDNUSMAYHS IABAHSA,,201,900,1101,825,1926
Nanded,,,Loha,88,,288,215,3,0,218,639,EDNIHS REDNUSMAYHS IABAHSA,,126,581,707,639,1346
Nanded,,,Loha,88,,289,199,0,0,199,528,EDNIHS REDNUSMAYHS IABAHSA,,152,465,617,528,1145
Nanded,,,Loha,88,,290,300,4,0,304,834,EDNIHS REDNUSMAYHS IABAHSA,,202,615,817,834,1651
Nanded,,,Loha,88,,291,203,0,0,203,898,EDNIHS REDNUSMAYHS IABAHSA,,209,775,984,898,1882
Nanded,,,Loha,88,,292,18,3,0,21,1085,EDNIHS REDNUSMAYHS IABAHSA,,443,912,1355,1085,2440
Nanded,,,Loha,88,,293,9,2,0,11,410,EDNIHS REDNUSMAYHS IABAHSA,,174,518,692,410,1102
Nanded,,,Loha,88,,294,3,1,0,4,834,EDNIHS REDNUSMAYHS IABAHSA,,284,838,1122,834,1956
Nanded,,,Loha,88,,295,8,1,0,9,770,EDNIHS REDNUSMAYHS IABAHSA,,384,671,1055,770,1825
Nanded,,,Loha,88,,296,88,0,0,88,793,EDNIHS REDNUSMAYHS IABAHSA,,213,788,1001,793,1794
Nanded,,,Loha,88,,297,44,0,0,44,460,EDNIHS REDNUSMAYHS IABAHSA,,118,594,712,460,1172
Nanded,,,Loha,88,,298,353,3,0,356,846,EDNIHS REDNUSMAYHS IABAHSA,,184,604,788,846,1634
Nanded,,,Loha,88,,299,110,0,0,110,775,EDNIHS REDNUSMAYHS IABAHSA,,184,778,962,775,1737
Nanded,,,Loha,88,,300,260,3,0,263,910,EDNIHS REDNUSMAYHS IABAHSA,,229,716,945,910,1855
Nanded,,,Loha,88,,301,2,0,0,2,564,EDNIHS REDNUSMAYHS IABAHSA,,269,593,862,564,1426
Nanded,,,Loha,88,,302,34,1,0,35,340,EDNIHS REDNUSMAYHS IABAHSA,,133,474,607,340,947
Nanded,,,Loha,88,,303,18,0,0,18,493,EDNIHS REDNUSMAYHS IABAHSA,,54,724,778,493,1271
Nanded,,,Loha,88,,304,40,3,0,43,827,EDNIHS REDNUSMAYHS IABAHSA,,235,853,1088,827,1915
Nanded,,,Loha,88,,305,380,0,0,380,491,EDNIHS REDNUSMAYHS IABAHSA,,59,357,416,491,907
Nanded,,,Loha,88,,306,17,2,0,19,260,EDNIHS REDNUSMAYHS IABAHSA,,113,434,547,260,807
Nanded,,,Loha,88,,307,608,2,189,610,722,EDNIHS REDNUSMAYHS IABAHSA,,86,333,419,722,1141
Nanded,,,Loha,88,,309,12,0,0,12,784,EDNIHS REDNUSMAYHS IABAHSA,,162,918,1080,784,1864
Nanded,,,Loha,88,,310,14,1,0,15,927,EDNIHS REDNUSMAYHS IABAHSA,,268,952,1220,927,2147
Nanded,,,Loha,88,,311,10,0,0,10,669,EDNIHS REDNUSMAYHS IABAHSA,,102,867,969,669,1638
Nanded,,,Loha,88,,312,2,0,0,2,235,EDNIHS REDNUSMAYHS IABAHSA,,49,496,545,235,780
Nanded,,,Loha,88,,313,72,2,0,74,492,EDNIHS REDNUSMAYHS IABAHSA,,90,640,730,492,1222
Nanded,,,Loha,88,,314,72,1,0,73,482,EDNIHS REDNUSMAYHS IABAHSA,,98,624,722,482,1204
Nanded,,,Loha,88,,315,19,2,0,21,791,EDNIHS REDNUSMAYHS IABAHSA,,212,872,1084,791,1875
Nanded,,,Loha,88,,316,13,0,0,13,731,EDNIHS REDNUSMAYHS IABAHSA,,195,834,1029,731,1760
Nanded,,,Loha,88,,317,2,0,0,2,880,EDNIHS REDNUSMAYHS IABAHSA,,167,1027,1194,880,2074
Nanded,,,Loha,88,,318,16,0,0,16,828,EDNIHS REDNUSMAYHS IABAHSA,,127,1000,1127,828,1955
Nanded,,,Loha,88,,319,8,0,0,8,675,EDNIHS REDNUSMAYHS IABAHSA,,84,902,986,675,1661
Nanded,,,Loha,88,,320,2,1,0,3,596,EDNIHS REDNUSMAYHS IABAHSA,,51,860,911,596,1507
Nanded,,,Loha,88,,321,4,2,0,6,600,EDNIHS REDNUSMAYHS IABAHSA,,69,846,915,600,1515
Nanded,,,Loha,88,,322,15,2,0,17,593,EDNIHS REDNUSMAYHS IABAHSA,,136,760,896,593,1489
Nanded,,,Loha,88,,323,61,1,0,62,855,EDNIHS REDNUSMAYHS IABAHSA,,204,911,1115,855,1970
Nanded,,,Loha,88,,324,104,1,0,105,523,EDNIHS REDNUSMAYHS IABAHSA,,243,497,740,523,1263
Nanded,,,Loha,88,,325,119,2,0,121,519,EDNIHS REDNUSMAYHS IABAHSA,,225,497,722,519,1241
Nanded,,,Loha,88,,326,12,1,0,13,711,EDNIHS REDNUSMAYHS IABAHSA,,241,781,1022,711,1733
Nanded,,,Loha,88,,327,50,0,0,50,557,EDNIHS REDNUSMAYHS IABAHSA,,107,727,834,557,1391
Nanded,,,Loha,88,,328,6,1,0,7,451,EDNIHS REDNUSMAYHS IABAHSA,,56,715,771,451,1222
Nanded,,,Loha,88,,329,16,0,0,16,442,EDNIHS REDNUSMAYHS IABAHSA,,99,656,755,442,1197
Nanded,,,Loha,88,,330,21,0,0,21,324,EDNIHS REDNUSMAYHS IABAHSA,,25,607,632,324,956
Nanded,,,Loha,88,,331,50,1,0,51,728,EDNIHS REDNUSMAYHS IABAHSA,,197,808,1005,728,1733
Nanded,,,Loha,88,,332,30,2,0,32,443,EDNIHS REDNUSMAYHS IABAHSA,,152,590,742,443,1185
Nanded,,,Loha,88,,333,33,0,0,33,381,EDNIHS REDNUSMAYHS IABAHSA,,110,571,681,381,1062
Nanded,,,Loha,88,,334,18,0,0,18,499,EDNIHS REDNUSMAYHS IABAHSA,,139,675,814,499,1313
Nanded,,,Loha,88,,335,24,0,0,24,341,EDNIHS REDNUSMAYHS IABAHSA,,52,600,652,341,993
Nanded,,,Loha,88,,336,14,1,0,15,732,EDNIHS REDNUSMAYHS IABAHSA,,91,962,1053,732,1785
Nanded,,,Loha,88,,337,4,0,0,4,150,EDNIHS REDNUSMAYHS IABAHSA,,24,459,483,150,633
Nanded,,,Loha,88,,338,44,0,0,44,857,EDNIHS REDNUSMAYHS IABAHSA,,257,894,1151,857,2008
TOTAL,,,,,,,19690,344,232,20034,220860,,,70026,186440,256466,220860,477326
