District Name,District No,Jilha,Constituency Name,Constituency No,Total No. of Electors,Serial Poll,Total No. Valid Votes,No. of Rejected Votes,NOTA,Total,No. of Tendered Votes,Elected Person Name,Party Name of Elected Person,No. of Valid Votes Cast in Favour of Elected Person,Other Candidate Votes,Total EVM Votes,Total Postal ballot votes,Total Votes Polled
Nanded,,,Deglur (SC),90,,1,507,0,0,507,508,RAKIVGNAS ELBMAK ABIDNOK ITTURVIN,,116,392,508,508,1016
Nanded,,,Deglur (SC),90,,2,282,0,0,282,285,RAKIVGNAS ELBMAK ABIDNOK ITTURVIN,,168,116,284,285,569
Nanded,,,Deglur (SC),90,,3,583,0,0,583,589,RAKIVGNAS ELBMAK ABIDNOK ITTURVIN,,236,350,586,589,1175
Nanded,,,Deglur (SC),90,,4,591,0,0,591,597,RAKIVGNAS ELBMAK ABIDNOK ITTURVIN,,217,378,595,597,1192
Nanded,,,Deglur (SC),90,,5,561,0,0,561,564,RAKIVGNAS ELBMAK ABIDNOK ITTURVIN,,87,479,566,564,1130
Nanded,,,Deglur (SC),90,,6,543,0,0,543,545,RAKIVGNAS ELBMAK ABIDNOK ITTURVIN,,163,386,549,545,1094
Nanded,,,Deglur (SC),90,,7,723,0,0,723,724,RAKIVGNAS ELBMAK ABIDNOK ITTURVIN,,224,506,730,724,1454
Nanded,,,Deglur (SC),90,,8,766,0,0,766,768,RAKIVGNAS ELBMAK ABIDNOK ITTURVIN,,324,450,774,768,1542
Nanded,,,Deglur (SC),90,,9,503,0,0,503,505,RAKIVGNAS ELBMAK ABIDNOK ITTURVIN,,267,245,512,505,1017
Nanded,,,Deglur (SC),90,,10,675,0,0,675,681,RAKIVGNAS ELBMAK ABIDNOK ITTURVIN,,191,494,685,681,1366
Nanded,,,Deglur (SC),90,,11,670,0,0,670,674,RAKIVGNAS ELBMAK ABIDNOK ITTURVIN,,351,330,681,674,1355
Nanded,,,Deglur (SC),90,,12,633,0,0,633,635,RAKIVGNAS ELBMAK ABIDNOK ITTURVIN,,345,300,645,635,1280
Nanded,,,Deglur (SC),90,,13,571,0,0,571,572,RAKIVGNAS ELBMAK ABIDNOK ITTURVIN,,383,201,584,572,1156
Nanded,,,Deglur (SC),90,,14,439,0,0,439,441,RAKIVGNAS ELBMAK ABIDNOK ITTURVIN,,322,131,453,441,894
Nanded,,,Deglur (SC),90,,15,742,0,0,742,744,RAKIVGNAS ELBMAK ABIDNOK ITTURVIN,,369,388,757,744,1501
Nanded,,,Deglur (SC),90,,16,818,0,0,818,820,RAKIVGNAS ELBMAK ABIDNOK ITTURVIN,,509,325,834,820,1654
Nanded,,,Deglur (SC),90,,17,599,0,0,599,600,RAKIVGNAS ELBMAK ABIDNOK ITTURVIN,,390,226,616,600,1216
Nanded,,,Deglur (SC),90,,18,760,0,0,760,761,RAKIVGNAS ELBMAK ABIDNOK ITTURVIN,,592,186,778,761,1539
Nanded,,,Deglur (SC),90,,19,427,0,0,427,431,RAKIVGNAS ELBMAK ABIDNOK ITTURVIN,,241,205,446,431,877
Nanded,,,Deglur (SC),90,,20,236,0,0,236,236,RAKIVGNAS ELBMAK ABIDNOK ITTURVIN,,116,140,256,236,492
Nanded,,,Deglur (SC),90,,21,518,0,0,518,525,RAKIVGNAS ELBMAK ABIDNOK ITTURVIN,,232,307,539,525,1064
Nanded,,,Deglur (SC),90,,22,606,0,0,606,610,RAKIVGNAS ELBMAK ABIDNOK ITTURVIN,,468,160,628,610,1238
Nanded,,,Deglur (SC),90,,23,547,0,0,547,551,RAKIVGNAS ELBMAK ABIDNOK ITTURVIN,,338,232,570,551,1121
Nanded,,,Deglur (SC),90,,24,711,0,0,711,711,RAKIVGNAS ELBMAK ABIDNOK ITTURVIN,,422,313,735,711,1446
Nanded,,,Deglur (SC),90,,25,729,0,0,729,733,RAKIVGNAS ELBMAK ABIDNOK ITTURVIN,,592,162,754,733,1487
Nanded,,,Deglur (SC),90,,26,685,0,0,685,686,RAKIVGNAS ELBMAK ABIDNOK ITTURVIN,,287,424,711,686,1397
Nanded,,,Deglur (SC),90,,27,756,0,0,756,760,RAKIVGNAS ELBMAK ABIDNOK ITTURVIN,,388,395,783,760,1543
Nanded,,,Deglur (SC),90,,28,821,0,0,821,825,RAKIVGNAS ELBMAK ABIDNOK ITTURVIN,,625,224,849,825,1674
Nanded,,,Deglur (SC),90,,29,670,0,0,670,676,RAKIVGNAS ELBMAK ABIDNOK ITTURVIN,,429,270,699,676,1375
Nanded,,,Deglur (SC),90,,30,916,0,0,916,922,RAKIVGNAS ELBMAK ABIDNOK ITTURVIN,,709,237,946,922,1868
Nanded,,,Deglur (SC),90,,31,628,0,0,628,630,RAKIVGNAS ELBMAK ABIDNOK ITTURVIN,,91,568,659,630,1289
Nanded,,,Deglur (SC),90,,32,472,0,0,472,473,RAKIVGNAS ELBMAK ABIDNOK ITTURVIN,,45,459,504,473,977
Nanded,,,Deglur (SC),90,,33,657,0,0,657,660,RAKIVGNAS ELBMAK ABIDNOK ITTURVIN,,437,253,690,660,1350
Nanded,,,Deglur (SC),90,,34,735,0,0,735,738,RAKIVGNAS ELBMAK ABIDNOK ITTURVIN,,467,302,769,738,1507
Nanded,,,Deglur (SC),90,,35,811,0,0,811,813,RAKIVGNAS ELBMAK ABIDNOK ITTURVIN,,395,451,846,813,1659
Nanded,,,Deglur (SC),90,,36,630,0,0,630,636,RAKIVGNAS ELBMAK ABIDNOK ITTURVIN,,262,404,666,636,1302
Nanded,,,Deglur (SC),90,,37,708,0,0,708,711,RAKIVGNAS ELBMAK ABIDNOK ITTURVIN,,543,202,745,711,1456
Nanded,,,Deglur (SC),90,,38,603,0,0,603,605,RAKIVGNAS ELBMAK ABIDNOK ITTURVIN,,301,340,641,605,1246
Nanded,,,Deglur (SC),90,,39,589,0,0,589,590,RAKIVGNAS ELBMAK ABIDNOK ITTURVIN,,357,271,628,590,1218
Nanded,,,Deglur (SC),90,,40,522,0,0,522,524,RAKIVGNAS ELBMAK ABIDNOK ITTURVIN,,236,326,562,524,1086
Nanded,,,Deglur (SC),90,,41,484,0,0,484,485,RAKIVGNAS ELBMAK ABIDNOK ITTURVIN,,261,264,525,485,1010
Nanded,,,Deglur (SC),90,,42,730,0,0,730,738,RAKIVGNAS ELBMAK ABIDNOK ITTURVIN,,551,221,772,738,1510
Nanded,,,Deglur (SC),90,,43,449,0,0,449,450,RAKIVGNAS ELBMAK ABIDNOK ITTURVIN,,367,125,492,450,942
Nanded,,,Deglur (SC),90,,44,381,0,0,381,384,RAKIVGNAS ELBMAK ABIDNOK ITTURVIN,,193,232,425,384,809
Nanded,,,Deglur (SC),90,,45,585,0,0,585,585,RAKIVGNAS ELBMAK ABIDNOK ITTURVIN,,154,476,630,585,1215
Nanded,,,Deglur (SC),90,,46,857,0,0,857,860,RAKIVGNAS ELBMAK ABIDNOK ITTURVIN,,419,484,903,860,1763
Nanded,,,Deglur (SC),90,,47,498,0,0,498,501,RAKIVGNAS ELBMAK ABIDNOK ITTURVIN,,258,287,545,501,1046
Nanded,,,Deglur (SC),90,,48,331,0,0,331,333,RAKIVGNAS ELBMAK ABIDNOK ITTURVIN,,164,215,379,333,712
Nanded,,,Deglur (SC),90,,49,767,0,0,767,769,RAKIVGNAS ELBMAK ABIDNOK ITTURVIN,,522,294,816,769,1585
Nanded,,,Deglur (SC),90,,50,657,0,0,657,665,RAKIVGNAS ELBMAK ABIDNOK ITTURVIN,,481,226,707,665,1372
Nanded,,,Deglur (SC),90,,51,872,0,0,872,874,RAKIVGNAS ELBMAK ABIDNOK ITTURVIN,,592,331,923,874,1797
Nanded,,,Deglur (SC),90,,52,619,0,0,619,624,RAKIVGNAS ELBMAK ABIDNOK ITTURVIN,,351,320,671,624,1295
Nanded,,,Deglur (SC),90,,53,689,0,0,689,695,RAKIVGNAS ELBMAK ABIDNOK ITTURVIN,,452,290,742,695,1437
Nanded,,,Deglur (SC),90,,54,724,0,0,724,729,RAKIVGNAS ELBMAK ABIDNOK ITTURVIN,,327,451,778,729,1507
Nanded,,,Deglur (SC),90,,55,517,0,0,517,523,RAKIVGNAS ELBMAK ABIDNOK ITTURVIN,,346,226,572,523,1095
Nanded,,,Deglur (SC),90,,56,490,0,0,490,495,RAKIVGNAS ELBMAK ABIDNOK ITTURVIN,,234,312,546,495,1041
Nanded,,,Deglur (SC),90,,57,558,0,0,558,565,RAKIVGNAS ELBMAK ABIDNOK ITTURVIN,,335,280,615,565,1180
Nanded,,,Deglur (SC),90,,58,688,0,0,688,694,RAKIVGNAS ELBMAK ABIDNOK ITTURVIN,,503,243,746,694,1440
Nanded,,,Deglur (SC),90,,59,681,0,0,681,683,RAKIVGNAS ELBMAK ABIDNOK ITTURVIN,,461,279,740,683,1423
Nanded,,,Deglur (SC),90,,60,719,0,0,719,722,RAKIVGNAS ELBMAK ABIDNOK ITTURVIN,,467,312,779,722,1501
Nanded,,,Deglur (SC),90,,61,627,0,0,627,630,RAKIVGNAS ELBMAK ABIDNOK ITTURVIN,,373,315,688,630,1318
Nanded,,,Deglur (SC),90,,62,369,0,0,369,370,RAKIVGNAS ELBMAK ABIDNOK ITTURVIN,,171,260,431,370,801
Nanded,,,Deglur (SC),90,,63,523,0,0,523,524,RAKIVGNAS ELBMAK ABIDNOK ITTURVIN,,113,473,586,524,1110
Nanded,,,Deglur (SC),90,,64,346,0,0,346,350,RAKIVGNAS ELBMAK ABIDNOK ITTURVIN,,228,182,410,350,760
Nanded,,,Deglur (SC),90,,65,264,0,0,264,264,RAKIVGNAS ELBMAK ABIDNOK ITTURVIN,,94,235,329,264,593
Nanded,,,Deglur (SC),90,,66,592,0,0,592,596,RAKIVGNAS ELBMAK ABIDNOK ITTURVIN,,387,271,658,596,1254
Nanded,,,Deglur (SC),90,,67,535,0,0,535,536,RAKIVGNAS ELBMAK ABIDNOK ITTURVIN,,374,228,602,536,1138
Nanded,,,Deglur (SC),90,,68,488,0,0,488,491,RAKIVGNAS ELBMAK ABIDNOK ITTURVIN,,155,401,556,491,1047
Nanded,,,Deglur (SC),90,,69,492,0,0,492,493,RAKIVGNAS ELBMAK ABIDNOK ITTURVIN,,343,218,561,493,1054
Nanded,,,Deglur (SC),90,,70,708,0,0,708,708,RAKIVGNAS ELBMAK ABIDNOK ITTURVIN,,387,391,778,708,1486
Nanded,,,Deglur (SC),90,,71,719,0,0,719,719,RAKIVGNAS ELBMAK ABIDNOK ITTURVIN,,486,304,790,719,1509
Nanded,,,Deglur (SC),90,,72,568,0,0,568,570,RAKIVGNAS ELBMAK ABIDNOK ITTURVIN,,381,259,640,570,1210
Nanded,,,Deglur (SC),90,,73,512,0,0,512,512,RAKIVGNAS ELBMAK ABIDNOK ITTURVIN,,278,307,585,512,1097
Nanded,,,Deglur (SC),90,,74,534,0,0,534,534,RAKIVGNAS ELBMAK ABIDNOK ITTURVIN,,147,461,608,534,1142
Nanded,,,Deglur (SC),90,,75,420,0,0,420,420,RAKIVGNAS ELBMAK ABIDNOK ITTURVIN,,93,402,495,420,915
Nanded,,,Deglur (SC),90,,76,618,0,0,618,619,RAKIVGNAS ELBMAK ABIDNOK ITTURVIN,,485,209,694,619,1313
Nanded,,,Deglur (SC),90,,77,323,0,0,323,327,RAKIVGNAS ELBMAK ABIDNOK ITTURVIN,,187,213,400,327,727
Nanded,,,Deglur (SC),90,,78,542,0,0,542,542,RAKIVGNAS ELBMAK ABIDNOK ITTURVIN,,200,420,620,542,1162
Nanded,,,Deglur (SC),90,,79,653,0,0,653,655,RAKIVGNAS ELBMAK ABIDNOK ITTURVIN,,155,577,732,655,1387
Nanded,,,Deglur (SC),90,,80,379,0,0,379,381,RAKIVGNAS ELBMAK ABIDNOK ITTURVIN,,129,330,459,381,840
Nanded,,,Deglur (SC),90,,81,499,0,0,499,504,RAKIVGNAS ELBMAK ABIDNOK ITTURVIN,,369,211,580,504,1084
Nanded,,,Deglur (SC),90,,82,449,0,0,449,451,RAKIVGNAS ELBMAK ABIDNOK ITTURVIN,,314,217,531,451,982
Nanded,,,Deglur (SC),90,,83,714,0,0,714,720,RAKIVGNAS ELBMAK ABIDNOK ITTURVIN,,250,547,797,720,1517
Nanded,,,Deglur (SC),90,,84,531,0,0,531,536,RAKIVGNAS ELBMAK ABIDNOK ITTURVIN,,166,449,615,536,1151
Nanded,,,Deglur (SC),90,,85,491,0,0,491,492,RAKIVGNAS ELBMAK ABIDNOK ITTURVIN,,146,430,576,492,1068
Nanded,,,Deglur (SC),90,,86,429,0,0,429,430,RAKIVGNAS ELBMAK ABIDNOK ITTURVIN,,97,418,515,430,945
Nanded,,,Deglur (SC),90,,87,563,0,0,563,564,RAKIVGNAS ELBMAK ABIDNOK ITTURVIN,,314,336,650,564,1214
Nanded,,,Deglur (SC),90,,88,481,0,0,481,484,RAKIVGNAS ELBMAK ABIDNOK ITTURVIN,,245,324,569,484,1053
Nanded,,,Deglur (SC),90,,89,494,0,0,494,494,RAKIVGNAS ELBMAK ABIDNOK ITTURVIN,,292,291,583,494,1077
Nanded,,,Deglur (SC),90,,90,429,0,0,429,430,RAKIVGNAS ELBMAK ABIDNOK ITTURVIN,,219,300,519,430,949
Nanded,,,Deglur (SC),90,,91,399,0,0,399,401,RAKIVGNAS ELBMAK ABIDNOK ITTURVIN,,272,218,490,401,891
Nanded,,,Deglur (SC),90,,92,522,0,0,522,526,RAKIVGNAS ELBMAK ABIDNOK ITTURVIN,,224,390,614,526,1140
Nanded,,,Deglur (SC),90,,93,677,0,0,677,680,RAKIVGNAS ELBMAK ABIDNOK ITTURVIN,,295,475,770,680,1450
Nanded,,,Deglur (SC),90,,94,501,0,0,501,504,RAKIVGNAS ELBMAK ABIDNOK ITTURVIN,,351,244,595,504,1099
Nanded,,,Deglur (SC),90,,95,636,0,0,636,638,RAKIVGNAS ELBMAK ABIDNOK ITTURVIN,,361,370,731,638,1369
Nanded,,,Deglur (SC),90,,96,599,0,0,599,600,RAKIVGNAS ELBMAK ABIDNOK ITTURVIN,,377,318,695,600,1295
Nanded,,,Deglur (SC),90,,97,521,0,0,521,527,RAKIVGNAS ELBMAK ABIDNOK ITTURVIN,,388,230,618,527,1145
Nanded,,,Deglur (SC),90,,98,549,0,0,549,554,RAKIVGNAS ELBMAK ABIDNOK ITTURVIN,,231,416,647,554,1201
Nanded,,,Deglur (SC),90,,99,362,0,0,362,362,RAKIVGNAS ELBMAK ABIDNOK ITTURVIN,,250,211,461,362,823
Nanded,,,Deglur (SC),90,,100,369,0,0,369,369,RAKIVGNAS ELBMAK ABIDNOK ITTURVIN,,240,229,469,369,838
Nanded,,,Deglur (SC),90,,101,702,0,0,702,707,RAKIVGNAS ELBMAK ABIDNOK ITTURVIN,,306,497,803,707,1510
Nanded,,,Deglur (SC),90,,102,630,0,0,630,631,RAKIVGNAS ELBMAK ABIDNOK ITTURVIN,,387,345,732,631,1363
Nanded,,,Deglur (SC),90,,103,675,0,0,675,678,RAKIVGNAS ELBMAK ABIDNOK ITTURVIN,,263,515,778,678,1456
Nanded,,,Deglur (SC),90,,104,470,0,0,470,473,RAKIVGNAS ELBMAK ABIDNOK ITTURVIN,,174,400,574,473,1047
Nanded,,,Deglur (SC),90,,105,484,0,0,484,488,RAKIVGNAS ELBMAK ABIDNOK ITTURVIN,,202,387,589,488,1077
Nanded,,,Deglur (SC),90,,106,497,0,0,497,498,RAKIVGNAS ELBMAK ABIDNOK ITTURVIN,,230,373,603,498,1101
Nanded,,,Deglur (SC),90,,107,655,0,0,655,655,RAKIVGNAS ELBMAK ABIDNOK ITTURVIN,,412,350,762,655,1417
Nanded,,,Deglur (SC),90,,108,416,0,0,416,417,RAKIVGNAS ELBMAK ABIDNOK ITTURVIN,,216,308,524,417,941
Nanded,,,Deglur (SC),90,,109,460,0,0,460,463,RAKIVGNAS ELBMAK ABIDNOK ITTURVIN,,261,308,569,463,1032
Nanded,,,Deglur (SC),90,,110,440,0,0,440,441,RAKIVGNAS ELBMAK ABIDNOK ITTURVIN,,307,243,550,441,991
Nanded,,,Deglur (SC),90,,111,807,0,0,807,809,RAKIVGNAS ELBMAK ABIDNOK ITTURVIN,,621,297,918,809,1727
Nanded,,,Deglur (SC),90,,112,604,0,0,604,606,RAKIVGNAS ELBMAK ABIDNOK ITTURVIN,,181,535,716,606,1322
Nanded,,,Deglur (SC),90,,113,599,0,0,599,604,RAKIVGNAS ELBMAK ABIDNOK ITTURVIN,,445,267,712,604,1316
Nanded,,,Deglur (SC),90,,114,467,0,0,467,469,RAKIVGNAS ELBMAK ABIDNOK ITTURVIN,,248,333,581,469,1050
Nanded,,,Deglur (SC),90,,115,565,0,0,565,568,RAKIVGNAS ELBMAK ABIDNOK ITTURVIN,,245,435,680,568,1248
Nanded,,,Deglur (SC),90,,116,738,0,0,738,741,RAKIVGNAS ELBMAK ABIDNOK ITTURVIN,,340,514,854,741,1595
Nanded,,,Deglur (SC),90,,117,589,0,0,589,589,RAKIVGNAS ELBMAK ABIDNOK ITTURVIN,,364,342,706,589,1295
Nanded,,,Deglur (SC),90,,118,421,0,0,421,421,RAKIVGNAS ELBMAK ABIDNOK ITTURVIN,,143,396,539,421,960
Nanded,,,Deglur (SC),90,,119,461,0,0,461,467,RAKIVGNAS ELBMAK ABIDNOK ITTURVIN,,223,357,580,467,1047
Nanded,,,Deglur (SC),90,,120,438,0,0,438,443,RAKIVGNAS ELBMAK ABIDNOK ITTURVIN,,256,302,558,443,1001
Nanded,,,Deglur (SC),90,,121,798,0,0,798,805,RAKIVGNAS ELBMAK ABIDNOK ITTURVIN,,517,402,919,805,1724
Nanded,,,Deglur (SC),90,,122,731,0,0,731,734,RAKIVGNAS ELBMAK ABIDNOK ITTURVIN,,463,390,853,734,1587
Nanded,,,Deglur (SC),90,,123,612,0,0,612,615,RAKIVGNAS ELBMAK ABIDNOK ITTURVIN,,434,301,735,615,1350
Nanded,,,Deglur (SC),90,,124,691,0,0,691,700,RAKIVGNAS ELBMAK ABIDNOK ITTURVIN,,442,373,815,700,1515
Nanded,,,Deglur (SC),90,,125,660,0,0,660,663,RAKIVGNAS ELBMAK ABIDNOK ITTURVIN,,327,458,785,663,1448
Nanded,,,Deglur (SC),90,,126,624,0,0,624,627,RAKIVGNAS ELBMAK ABIDNOK ITTURVIN,,360,390,750,627,1377
Nanded,,,Deglur (SC),90,,127,489,0,0,489,491,RAKIVGNAS ELBMAK ABIDNOK ITTURVIN,,210,406,616,491,1107
Nanded,,,Deglur (SC),90,,128,585,0,0,585,585,RAKIVGNAS ELBMAK ABIDNOK ITTURVIN,,355,358,713,585,1298
Nanded,,,Deglur (SC),90,,129,702,0,0,702,703,RAKIVGNAS ELBMAK ABIDNOK ITTURVIN,,500,331,831,703,1534
Nanded,,,Deglur (SC),90,,130,797,0,0,797,802,RAKIVGNAS ELBMAK ABIDNOK ITTURVIN,,508,419,927,802,1729
Nanded,,,Deglur (SC),90,,131,769,0,0,769,770,RAKIVGNAS ELBMAK ABIDNOK ITTURVIN,,196,704,900,770,1670
Nanded,,,Deglur (SC),90,,132,420,0,0,420,420,RAKIVGNAS ELBMAK ABIDNOK ITTURVIN,,226,326,552,420,972
Nanded,,,Deglur (SC),90,,133,394,0,0,394,396,RAKIVGNAS ELBMAK ABIDNOK ITTURVIN,,214,313,527,396,923
Nanded,,,Deglur (SC),90,,134,473,0,0,473,476,RAKIVGNAS ELBMAK ABIDNOK ITTURVIN,,294,313,607,476,1083
Nanded,,,Deglur (SC),90,,135,261,0,0,261,261,RAKIVGNAS ELBMAK ABIDNOK ITTURVIN,,135,261,396,261,657
Nanded,,,Deglur (SC),90,,136,432,0,0,432,434,RAKIVGNAS ELBMAK ABIDNOK ITTURVIN,,186,382,568,434,1002
Nanded,,,Deglur (SC),90,,137,484,0,0,484,485,RAKIVGNAS ELBMAK ABIDNOK ITTURVIN,,126,495,621,485,1106
Nanded,,,Deglur (SC),90,,138,591,0,0,591,594,RAKIVGNAS ELBMAK ABIDNOK ITTURVIN,,279,450,729,594,1323
Nanded,,,Deglur (SC),90,,139,745,0,0,745,747,RAKIVGNAS ELBMAK ABIDNOK ITTURVIN,,410,474,884,747,1631
Nanded,,,Deglur (SC),90,,140,693,0,0,693,701,RAKIVGNAS ELBMAK ABIDNOK ITTURVIN,,401,432,833,701,1534
Nanded,,,Deglur (SC),90,,141,677,0,0,677,681,RAKIVGNAS ELBMAK ABIDNOK ITTURVIN,,394,424,818,681,1499
Nanded,,,Deglur (SC),90,,142,651,0,0,651,654,RAKIVGNAS ELBMAK ABIDNOK ITTURVIN,,371,422,793,654,1447
Nanded,,,Deglur (SC),90,,143,619,0,0,619,621,RAKIVGNAS ELBMAK ABIDNOK ITTURVIN,,381,381,762,621,1383
Nanded,,,Deglur (SC),90,,144,460,0,0,460,461,RAKIVGNAS ELBMAK ABIDNOK ITTURVIN,,173,431,604,461,1065
Nanded,,,Deglur (SC),90,,145,278,0,0,278,278,RAKIVGNAS ELBMAK ABIDNOK ITTURVIN,,170,253,423,278,701
Nanded,,,Deglur (SC),90,,146,636,0,0,636,641,RAKIVGNAS ELBMAK ABIDNOK ITTURVIN,,340,442,782,641,1423
Nanded,,,Deglur (SC),90,,147,593,0,0,593,597,RAKIVGNAS ELBMAK ABIDNOK ITTURVIN,,296,444,740,597,1337
Nanded,,,Deglur (SC),90,,148,532,0,0,532,534,RAKIVGNAS ELBMAK ABIDNOK ITTURVIN,,286,394,680,534,1214
Nanded,,,Deglur (SC),90,,149,659,0,0,659,664,RAKIVGNAS ELBMAK ABIDNOK ITTURVIN,,343,465,808,664,1472
Nanded,,,Deglur (SC),90,,150,278,0,0,278,280,RAKIVGNAS ELBMAK ABIDNOK ITTURVIN,,115,313,428,280,708
Nanded,,,Deglur (SC),90,,151,353,0,0,353,354,RAKIVGNAS ELBMAK ABIDNOK ITTURVIN,,146,358,504,354,858
Nanded,,,Deglur (SC),90,,152,491,0,0,491,491,RAKIVGNAS ELBMAK ABIDNOK ITTURVIN,,347,296,643,491,1134
Nanded,,,Deglur (SC),90,,153,540,0,0,540,543,RAKIVGNAS ELBMAK ABIDNOK ITTURVIN,,315,378,693,543,1236
Nanded,,,Deglur (SC),90,,154,612,0,0,612,612,RAKIVGNAS ELBMAK ABIDNOK ITTURVIN,,275,491,766,612,1378
Nanded,,,Deglur (SC),90,,155,581,0,0,581,581,RAKIVGNAS ELBMAK ABIDNOK ITTURVIN,,279,457,736,581,1317
Nanded,,,Deglur (SC),90,,156,452,0,0,452,456,RAKIVGNAS ELBMAK ABIDNOK ITTURVIN,,364,244,608,456,1064
Nanded,,,Deglur (SC),90,,157,490,0,0,490,491,RAKIVGNAS ELBMAK ABIDNOK ITTURVIN,,368,279,647,491,1138
Nanded,,,Deglur (SC),90,,158,517,0,0,517,518,RAKIVGNAS ELBMAK ABIDNOK ITTURVIN,,227,448,675,518,1193
Nanded,,,Deglur (SC),90,,159,856,0,0,856,860,RAKIVGNAS ELBMAK ABIDNOK ITTURVIN,,573,442,1015,860,1875
Nanded,,,Deglur (SC),90,,160,702,0,0,702,703,RAKIVGNAS ELBMAK ABIDNOK ITTURVIN,,449,413,862,703,1565
Nanded,,,Deglur (SC),90,,161,520,0,0,520,520,RAKIVGNAS ELBMAK ABIDNOK ITTURVIN,,294,387,681,520,1201
Nanded,,,Deglur (SC),90,,162,758,0,0,758,762,RAKIVGNAS ELBMAK ABIDNOK ITTURVIN,,370,550,920,762,1682
Nanded,,,Deglur (SC),90,,163,491,0,0,491,496,RAKIVGNAS ELBMAK ABIDNOK ITTURVIN,,227,427,654,496,1150
Nanded,,,Deglur (SC),90,,164,890,0,0,890,894,RAKIVGNAS ELBMAK ABIDNOK ITTURVIN,,403,651,1054,894,1948
Nanded,,,Deglur (SC),90,,165,465,0,0,465,468,RAKIVGNAS ELBMAK ABIDNOK ITTURVIN,,181,449,630,468,1098
Nanded,,,Deglur (SC),90,,166,252,0,0,252,252,RAKIVGNAS ELBMAK ABIDNOK ITTURVIN,,168,250,418,252,670
Nanded,,,Deglur (SC),90,,167,656,0,0,656,657,RAKIVGNAS ELBMAK ABIDNOK ITTURVIN,,466,357,823,657,1480
Nanded,,,Deglur (SC),90,,168,816,0,0,816,816,RAKIVGNAS ELBMAK ABIDNOK ITTURVIN,,490,494,984,816,1800
Nanded,,,Deglur (SC),90,,169,723,0,0,723,724,RAKIVGNAS ELBMAK ABIDNOK ITTURVIN,,503,389,892,724,1616
Nanded,,,Deglur (SC),90,,170,719,0,0,719,720,RAKIVGNAS ELBMAK ABIDNOK ITTURVIN,,424,465,889,720,1609
Nanded,,,Deglur (SC),90,,171,822,0,0,822,826,RAKIVGNAS ELBMAK ABIDNOK ITTURVIN,,399,594,993,826,1819
Nanded,,,Deglur (SC),90,,172,547,0,0,547,549,RAKIVGNAS ELBMAK ABIDNOK ITTURVIN,,335,384,719,549,1268
Nanded,,,Deglur (SC),90,,173,288,0,0,288,291,RAKIVGNAS ELBMAK ABIDNOK ITTURVIN,,205,256,461,291,752
Nanded,,,Deglur (SC),90,,174,522,0,0,522,523,RAKIVGNAS ELBMAK ABIDNOK ITTURVIN,,226,470,696,523,1219
Nanded,,,Deglur (SC),90,,175,608,0,0,608,610,RAKIVGNAS ELBMAK ABIDNOK ITTURVIN,,247,536,783,610,1393
Nanded,,,Deglur (SC),90,,176,643,0,0,643,643,RAKIVGNAS ELBMAK ABIDNOK ITTURVIN,,410,409,819,643,1462
Nanded,,,Deglur (SC),90,,177,580,0,0,580,580,RAKIVGNAS ELBMAK ABIDNOK ITTURVIN,,410,347,757,580,1337
Nanded,,,Deglur (SC),90,,178,543,0,0,543,547,RAKIVGNAS ELBMAK ABIDNOK ITTURVIN,,354,367,721,547,1268
Nanded,,,Deglur (SC),90,,179,608,0,0,608,609,RAKIVGNAS ELBMAK ABIDNOK ITTURVIN,,387,400,787,609,1396
Nanded,,,Deglur (SC),90,,180,616,0,0,616,616,RAKIVGNAS ELBMAK ABIDNOK ITTURVIN,,228,568,796,616,1412
Nanded,,,Deglur (SC),90,,181,397,0,0,397,398,RAKIVGNAS ELBMAK ABIDNOK ITTURVIN,,203,375,578,398,976
Nanded,,,Deglur (SC),90,,182,747,0,0,747,748,RAKIVGNAS ELBMAK ABIDNOK ITTURVIN,,510,419,929,748,1677
Nanded,,,Deglur (SC),90,,183,477,0,0,477,478,RAKIVGNAS ELBMAK ABIDNOK ITTURVIN,,323,337,660,478,1138
Nanded,,,Deglur (SC),90,,184,571,0,0,571,572,RAKIVGNAS ELBMAK ABIDNOK ITTURVIN,,313,442,755,572,1327
Nanded,,,Deglur (SC),90,,185,572,0,0,572,577,RAKIVGNAS ELBMAK ABIDNOK ITTURVIN,,248,509,757,577,1334
Nanded,,,Deglur (SC),90,,186,889,0,0,889,890,RAKIVGNAS ELBMAK ABIDNOK ITTURVIN,,510,565,1075,890,1965
Nanded,,,Deglur (SC),90,,187,805,0,0,805,806,RAKIVGNAS ELBMAK ABIDNOK ITTURVIN,,361,631,992,806,1798
Nanded,,,Deglur (SC),90,,188,803,0,0,803,807,RAKIVGNAS ELBMAK ABIDNOK ITTURVIN,,356,635,991,807,1798
Nanded,,,Deglur (SC),90,,189,204,0,0,204,205,RAKIVGNAS ELBMAK ABIDNOK ITTURVIN,,107,286,393,205,598
Nanded,,,Deglur (SC),90,,190,624,0,0,624,625,RAKIVGNAS ELBMAK ABIDNOK ITTURVIN,,477,337,814,625,1439
Nanded,,,Deglur (SC),90,,191,464,0,0,464,467,RAKIVGNAS ELBMAK ABIDNOK ITTURVIN,,310,345,655,467,1122
Nanded,,,Deglur (SC),90,,192,419,0,0,419,421,RAKIVGNAS ELBMAK ABIDNOK ITTURVIN,,228,383,611,421,1032
Nanded,,,Deglur (SC),90,,193,731,0,0,731,734,RAKIVGNAS ELBMAK ABIDNOK ITTURVIN,,186,738,924,734,1658
Nanded,,,Deglur (SC),90,,194,499,0,0,499,500,RAKIVGNAS ELBMAK ABIDNOK ITTURVIN,,183,510,693,500,1193
Nanded,,,Deglur (SC),90,,195,590,0,0,590,592,RAKIVGNAS ELBMAK ABIDNOK ITTURVIN,,266,519,785,592,1377
Nanded,,,Deglur (SC),90,,196,473,0,0,473,474,RAKIVGNAS ELBMAK ABIDNOK ITTURVIN,,318,351,669,474,1143
Nanded,,,Deglur (SC),90,,197,683,0,0,683,689,RAKIVGNAS ELBMAK ABIDNOK ITTURVIN,,396,484,880,689,1569
Nanded,,,Deglur (SC),90,,198,412,0,0,412,412,RAKIVGNAS ELBMAK ABIDNOK ITTURVIN,,268,342,610,412,1022
Nanded,,,Deglur (SC),90,,199,517,0,0,517,517,RAKIVGNAS ELBMAK ABIDNOK ITTURVIN,,207,509,716,517,1233
Nanded,,,Deglur (SC),90,,200,327,0,0,327,327,RAKIVGNAS ELBMAK ABIDNOK ITTURVIN,,182,345,527,327,854
Nanded,,,Deglur (SC),90,,201,603,0,0,603,604,RAKIVGNAS ELBMAK ABIDNOK ITTURVIN,,288,516,804,604,1408
Nanded,,,Deglur (SC),90,,202,713,0,0,713,715,RAKIVGNAS ELBMAK ABIDNOK ITTURVIN,,253,662,915,715,1630
Nanded,,,Deglur (SC),90,,203,926,0,0,926,928,RAKIVGNAS ELBMAK ABIDNOK ITTURVIN,,713,416,1129,928,2057
Nanded,,,Deglur (SC),90,,204,670,0,0,670,675,RAKIVGNAS ELBMAK ABIDNOK ITTURVIN,,265,609,874,675,1549
Nanded,,,Deglur (SC),90,,205,359,0,0,359,361,RAKIVGNAS ELBMAK ABIDNOK ITTURVIN,,178,386,564,361,925
Nanded,,,Deglur (SC),90,,206,535,0,0,535,538,RAKIVGNAS ELBMAK ABIDNOK ITTURVIN,,339,402,741,538,1279
Nanded,,,Deglur (SC),90,,207,911,0,0,911,917,RAKIVGNAS ELBMAK ABIDNOK ITTURVIN,,523,595,1118,917,2035
Nanded,,,Deglur (SC),90,,208,675,0,0,675,676,RAKIVGNAS ELBMAK ABIDNOK ITTURVIN,,191,692,883,676,1559
Nanded,,,Deglur (SC),90,,209,842,0,0,842,849,RAKIVGNAS ELBMAK ABIDNOK ITTURVIN,,677,374,1051,849,1900
Nanded,,,Deglur (SC),90,,210,842,0,0,842,851,RAKIVGNAS ELBMAK ABIDNOK ITTURVIN,,700,352,1052,851,1903
Nanded,,,Deglur (SC),90,,211,561,0,0,561,567,RAKIVGNAS ELBMAK ABIDNOK ITTURVIN,,358,414,772,567,1339
Nanded,,,Deglur (SC),90,,212,419,0,0,419,420,RAKIVGNAS ELBMAK ABIDNOK ITTURVIN,,310,321,631,420,1051
Nanded,,,Deglur (SC),90,,213,560,0,0,560,565,RAKIVGNAS ELBMAK ABIDNOK ITTURVIN,,316,457,773,565,1338
Nanded,,,Deglur (SC),90,,214,496,0,0,496,500,RAKIVGNAS ELBMAK ABIDNOK ITTURVIN,,371,339,710,500,1210
Nanded,,,Deglur (SC),90,,215,605,0,0,605,608,RAKIVGNAS ELBMAK ABIDNOK ITTURVIN,,335,485,820,608,1428
Nanded,,,Deglur (SC),90,,216,419,0,0,419,419,RAKIVGNAS ELBMAK ABIDNOK ITTURVIN,,87,548,635,419,1054
Nanded,,,Deglur (SC),90,,217,675,0,0,675,678,RAKIVGNAS ELBMAK ABIDNOK ITTURVIN,,464,428,892,678,1570
Nanded,,,Deglur (SC),90,,218,623,0,0,623,624,RAKIVGNAS ELBMAK ABIDNOK ITTURVIN,,346,495,841,624,1465
Nanded,,,Deglur (SC),90,,219,694,0,0,694,697,RAKIVGNAS ELBMAK ABIDNOK ITTURVIN,,503,410,913,697,1610
Nanded,,,Deglur (SC),90,,220,392,0,0,392,393,RAKIVGNAS ELBMAK ABIDNOK ITTURVIN,,265,347,612,393,1005
Nanded,,,Deglur (SC),90,,221,629,0,0,629,635,RAKIVGNAS ELBMAK ABIDNOK ITTURVIN,,290,560,850,635,1485
Nanded,,,Deglur (SC),90,,222,735,0,0,735,741,RAKIVGNAS ELBMAK ABIDNOK ITTURVIN,,399,558,957,741,1698
Nanded,,,Deglur (SC),90,,223,406,0,0,406,407,RAKIVGNAS ELBMAK ABIDNOK ITTURVIN,,244,385,629,407,1036
Nanded,,,Deglur (SC),90,,224,728,0,0,728,730,RAKIVGNAS ELBMAK ABIDNOK ITTURVIN,,404,548,952,730,1682
Nanded,,,Deglur (SC),90,,225,424,0,0,424,424,RAKIVGNAS ELBMAK ABIDNOK ITTURVIN,,269,380,649,424,1073
Nanded,,,Deglur (SC),90,,226,421,0,0,421,423,RAKIVGNAS ELBMAK ABIDNOK ITTURVIN,,355,292,647,423,1070
Nanded,,,Deglur (SC),90,,227,334,0,0,334,337,RAKIVGNAS ELBMAK ABIDNOK ITTURVIN,,242,319,561,337,898
Nanded,,,Deglur (SC),90,,228,330,0,0,330,330,RAKIVGNAS ELBMAK ABIDNOK ITTURVIN,,223,335,558,330,888
Nanded,,,Deglur (SC),90,,229,546,0,0,546,550,RAKIVGNAS ELBMAK ABIDNOK ITTURVIN,,183,592,775,550,1325
Nanded,,,Deglur (SC),90,,230,343,0,0,343,347,RAKIVGNAS ELBMAK ABIDNOK ITTURVIN,,206,367,573,347,920
Nanded,,,Deglur (SC),90,,231,591,0,0,591,598,RAKIVGNAS ELBMAK ABIDNOK ITTURVIN,,326,496,822,598,1420
Nanded,,,Deglur (SC),90,,232,459,0,0,459,460,RAKIVGNAS ELBMAK ABIDNOK ITTURVIN,,281,410,691,460,1151
Nanded,,,Deglur (SC),90,,233,598,0,0,598,598,RAKIVGNAS ELBMAK ABIDNOK ITTURVIN,,58,773,831,598,1429
Nanded,,,Deglur (SC),90,,234,537,0,0,537,539,RAKIVGNAS ELBMAK ABIDNOK ITTURVIN,,178,593,771,539,1310
Nanded,,,Deglur (SC),90,,235,589,0,0,589,595,RAKIVGNAS ELBMAK ABIDNOK ITTURVIN,,194,630,824,595,1419
Nanded,,,Deglur (SC),90,,236,588,0,0,588,595,RAKIVGNAS ELBMAK ABIDNOK ITTURVIN,,303,521,824,595,1419
Nanded,,,Deglur (SC),90,,237,487,0,0,487,489,RAKIVGNAS ELBMAK ABIDNOK ITTURVIN,,110,614,724,489,1213
Nanded,,,Deglur (SC),90,,238,642,0,0,642,645,RAKIVGNAS ELBMAK ABIDNOK ITTURVIN,,26,854,880,645,1525
Nanded,,,Deglur (SC),90,,239,801,0,0,801,804,RAKIVGNAS ELBMAK ABIDNOK ITTURVIN,,33,1007,1040,804,1844
Nanded,,,Deglur (SC),90,,240,500,0,0,500,501,RAKIVGNAS ELBMAK ABIDNOK ITTURVIN,,56,684,740,501,1241
Nanded,,,Deglur (SC),90,,241,517,0,0,517,518,RAKIVGNAS ELBMAK ABIDNOK ITTURVIN,,80,678,758,518,1276
Nanded,,,Deglur (SC),90,,242,578,0,0,578,579,RAKIVGNAS ELBMAK ABIDNOK ITTURVIN,,35,785,820,579,1399
Nanded,,,Deglur (SC),90,,243,490,0,0,490,491,RAKIVGNAS ELBMAK ABIDNOK ITTURVIN,,18,715,733,491,1224
Nanded,,,Deglur (SC),90,,244,584,0,0,584,584,RAKIVGNAS ELBMAK ABIDNOK ITTURVIN,,378,450,828,584,1412
Nanded,,,Deglur (SC),90,,245,474,0,0,474,474,RAKIVGNAS ELBMAK ABIDNOK ITTURVIN,,344,375,719,474,1193
Nanded,,,Deglur (SC),90,,246,551,0,0,551,551,RAKIVGNAS ELBMAK ABIDNOK ITTURVIN,,220,577,797,551,1348
Nanded,,,Deglur (SC),90,,247,596,0,0,596,597,RAKIVGNAS ELBMAK ABIDNOK ITTURVIN,,484,359,843,597,1440
Nanded,,,Deglur (SC),90,,248,548,0,0,548,554,RAKIVGNAS ELBMAK ABIDNOK ITTURVIN,,357,439,796,554,1350
Nanded,,,Deglur (SC),90,,249,442,0,0,442,444,RAKIVGNAS ELBMAK ABIDNOK ITTURVIN,,283,408,691,444,1135
Nanded,,,Deglur (SC),90,,250,452,0,0,452,454,RAKIVGNAS ELBMAK ABIDNOK ITTURVIN,,244,458,702,454,1156
Nanded,,,Deglur (SC),90,,251,439,0,0,439,440,RAKIVGNAS ELBMAK ABIDNOK ITTURVIN,,289,401,690,440,1130
Nanded,,,Deglur (SC),90,,252,508,0,0,508,510,RAKIVGNAS ELBMAK ABIDNOK ITTURVIN,,211,549,760,510,1270
Nanded,,,Deglur (SC),90,,253,563,0,0,563,567,RAKIVGNAS ELBMAK ABIDNOK ITTURVIN,,391,425,816,567,1383
Nanded,,,Deglur (SC),90,,254,695,0,0,695,696,RAKIVGNAS ELBMAK ABIDNOK ITTURVIN,,58,891,949,696,1645
Nanded,,,Deglur (SC),90,,255,462,0,0,462,465,RAKIVGNAS ELBMAK ABIDNOK ITTURVIN,,300,417,717,465,1182
Nanded,,,Deglur (SC),90,,256,580,0,0,580,588,RAKIVGNAS ELBMAK ABIDNOK ITTURVIN,,263,573,836,588,1424
Nanded,,,Deglur (SC),90,,257,548,0,0,548,550,RAKIVGNAS ELBMAK ABIDNOK ITTURVIN,,260,545,805,550,1355
Nanded,,,Deglur (SC),90,,258,498,0,0,498,503,RAKIVGNAS ELBMAK ABIDNOK ITTURVIN,,343,413,756,503,1259
Nanded,,,Deglur (SC),90,,259,606,0,0,606,609,RAKIVGNAS ELBMAK ABIDNOK ITTURVIN,,263,602,865,609,1474
Nanded,,,Deglur (SC),90,,260,665,0,0,665,674,RAKIVGNAS ELBMAK ABIDNOK ITTURVIN,,409,516,925,674,1599
Nanded,,,Deglur (SC),90,,261,455,0,0,455,458,RAKIVGNAS ELBMAK ABIDNOK ITTURVIN,,196,520,716,458,1174
Nanded,,,Deglur (SC),90,,262,433,0,0,433,434,RAKIVGNAS ELBMAK ABIDNOK ITTURVIN,,201,494,695,434,1129
Nanded,,,Deglur (SC),90,,263,444,0,0,444,448,RAKIVGNAS ELBMAK ABIDNOK ITTURVIN,,192,515,707,448,1155
Nanded,,,Deglur (SC),90,,264,373,0,0,373,373,RAKIVGNAS ELBMAK ABIDNOK ITTURVIN,,253,384,637,373,1010
Nanded,,,Deglur (SC),90,,265,454,0,0,454,455,RAKIVGNAS ELBMAK ABIDNOK ITTURVIN,,280,439,719,455,1174
Nanded,,,Deglur (SC),90,,266,501,0,0,501,504,RAKIVGNAS ELBMAK ABIDNOK ITTURVIN,,278,489,767,504,1271
Nanded,,,Deglur (SC),90,,267,518,0,0,518,520,RAKIVGNAS ELBMAK ABIDNOK ITTURVIN,,320,465,785,520,1305
Nanded,,,Deglur (SC),90,,268,533,0,0,533,534,RAKIVGNAS ELBMAK ABIDNOK ITTURVIN,,328,473,801,534,1335
Nanded,,,Deglur (SC),90,,269,346,0,0,346,346,RAKIVGNAS ELBMAK ABIDNOK ITTURVIN,,261,354,615,346,961
Nanded,,,Deglur (SC),90,,270,642,0,0,642,645,RAKIVGNAS ELBMAK ABIDNOK ITTURVIN,,466,446,912,645,1557
Nanded,,,Deglur (SC),90,,271,519,0,0,519,520,RAKIVGNAS ELBMAK ABIDNOK ITTURVIN,,313,477,790,520,1310
Nanded,,,Deglur (SC),90,,272,508,0,0,508,511,RAKIVGNAS ELBMAK ABIDNOK ITTURVIN,,194,586,780,511,1291
Nanded,,,Deglur (SC),90,,273,299,0,0,299,301,RAKIVGNAS ELBMAK ABIDNOK ITTURVIN,,97,475,572,301,873
Nanded,,,Deglur (SC),90,,274,727,0,0,727,730,RAKIVGNAS ELBMAK ABIDNOK ITTURVIN,,469,532,1001,730,1731
Nanded,,,Deglur (SC),90,,275,484,0,0,484,485,RAKIVGNAS ELBMAK ABIDNOK ITTURVIN,,209,550,759,485,1244
Nanded,,,Deglur (SC),90,,276,599,0,0,599,599,RAKIVGNAS ELBMAK ABIDNOK ITTURVIN,,355,520,875,599,1474
Nanded,,,Deglur (SC),90,,277,472,0,0,472,472,RAKIVGNAS ELBMAK ABIDNOK ITTURVIN,,256,493,749,472,1221
Nanded,,,Deglur (SC),90,,278,773,0,0,773,775,RAKIVGNAS ELBMAK ABIDNOK ITTURVIN,,490,561,1051,775,1826
Nanded,,,Deglur (SC),90,,279,451,0,0,451,452,RAKIVGNAS ELBMAK ABIDNOK ITTURVIN,,282,448,730,452,1182
Nanded,,,Deglur (SC),90,,280,636,0,0,636,643,RAKIVGNAS ELBMAK ABIDNOK ITTURVIN,,169,747,916,643,1559
Nanded,,,Deglur (SC),90,,281,754,0,0,754,755,RAKIVGNAS ELBMAK ABIDNOK ITTURVIN,,425,610,1035,755,1790
Nanded,,,Deglur (SC),90,,282,300,0,0,300,300,RAKIVGNAS ELBMAK ABIDNOK ITTURVIN,,86,496,582,300,882
Nanded,,,Deglur (SC),90,,283,474,0,0,474,478,RAKIVGNAS ELBMAK ABIDNOK ITTURVIN,,167,590,757,478,1235
Nanded,,,Deglur (SC),90,,284,556,0,0,556,560,RAKIVGNAS ELBMAK ABIDNOK ITTURVIN,,255,585,840,560,1400
Nanded,,,Deglur (SC),90,,285,721,0,0,721,725,RAKIVGNAS ELBMAK ABIDNOK ITTURVIN,,425,581,1006,725,1731
Nanded,,,Deglur (SC),90,,286,541,0,0,541,542,RAKIVGNAS ELBMAK ABIDNOK ITTURVIN,,385,442,827,542,1369
Nanded,,,Deglur (SC),90,,287,552,0,0,552,552,RAKIVGNAS ELBMAK ABIDNOK ITTURVIN,,334,505,839,552,1391
Nanded,,,Deglur (SC),90,,288,362,0,0,362,368,RAKIVGNAS ELBMAK ABIDNOK ITTURVIN,,195,455,650,368,1018
Nanded,,,Deglur (SC),90,,289,246,0,0,246,247,RAKIVGNAS ELBMAK ABIDNOK ITTURVIN,,155,380,535,247,782
Nanded,,,Deglur (SC),90,,290,623,0,0,623,624,RAKIVGNAS ELBMAK ABIDNOK ITTURVIN,,317,596,913,624,1537
Nanded,,,Deglur (SC),90,,291,577,0,0,577,579,RAKIVGNAS ELBMAK ABIDNOK ITTURVIN,,328,540,868,579,1447
Nanded,,,Deglur (SC),90,,292,508,0,0,508,512,RAKIVGNAS ELBMAK ABIDNOK ITTURVIN,,342,458,800,512,1312
Nanded,,,Deglur (SC),90,,293,602,0,0,602,606,RAKIVGNAS ELBMAK ABIDNOK ITTURVIN,,399,496,895,606,1501
Nanded,,,Deglur (SC),90,,294,559,0,0,559,561,RAKIVGNAS ELBMAK ABIDNOK ITTURVIN,,239,614,853,561,1414
Nanded,,,Deglur (SC),90,,295,462,0,0,462,463,RAKIVGNAS ELBMAK ABIDNOK ITTURVIN,,205,552,757,463,1220
Nanded,,,Deglur (SC),90,,296,517,0,0,517,520,RAKIVGNAS ELBMAK ABIDNOK ITTURVIN,,267,546,813,520,1333
Nanded,,,Deglur (SC),90,,297,751,0,0,751,752,RAKIVGNAS ELBMAK ABIDNOK ITTURVIN,,424,624,1048,752,1800
Nanded,,,Deglur (SC),90,,298,471,0,0,471,474,RAKIVGNAS ELBMAK ABIDNOK ITTURVIN,,297,472,769,474,1243
Nanded,,,Deglur (SC),90,,299,349,0,0,349,354,RAKIVGNAS ELBMAK ABIDNOK ITTURVIN,,234,414,648,354,1002
Nanded,,,Deglur (SC),90,,300,664,0,0,664,671,RAKIVGNAS ELBMAK ABIDNOK ITTURVIN,,361,603,964,671,1635
Nanded,,,Deglur (SC),90,,301,643,0,0,643,650,RAKIVGNAS ELBMAK ABIDNOK ITTURVIN,,431,513,944,650,1594
Nanded,,,Deglur (SC),90,,302,653,0,0,653,657,RAKIVGNAS ELBMAK ABIDNOK ITTURVIN,,436,519,955,657,1612
Nanded,,,Deglur (SC),90,,303,758,0,0,758,762,RAKIVGNAS ELBMAK ABIDNOK ITTURVIN,,562,499,1061,762,1823
Nanded,,,Deglur (SC),90,,304,692,0,0,692,694,RAKIVGNAS ELBMAK ABIDNOK ITTURVIN,,394,602,996,694,1690
Nanded,,,Deglur (SC),90,,305,185,0,0,185,186,RAKIVGNAS ELBMAK ABIDNOK ITTURVIN,,112,378,490,186,676
Nanded,,,Deglur (SC),90,,306,613,0,0,613,614,RAKIVGNAS ELBMAK ABIDNOK ITTURVIN,,301,618,919,614,1533
Nanded,,,Deglur (SC),90,,307,594,0,0,594,595,RAKIVGNAS ELBMAK ABIDNOK ITTURVIN,,243,658,901,595,1496
Nanded,,,Deglur (SC),90,,308,370,0,0,370,371,RAKIVGNAS ELBMAK ABIDNOK ITTURVIN,,202,476,678,371,1049
Nanded,,,Deglur (SC),90,,309,709,0,0,709,710,RAKIVGNAS ELBMAK ABIDNOK ITTURVIN,,302,716,1018,710,1728
Nanded,,,Deglur (SC),90,,310,401,0,0,401,409,RAKIVGNAS ELBMAK ABIDNOK ITTURVIN,,283,428,711,409,1120
Nanded,,,Deglur (SC),90,,311,587,0,0,587,590,RAKIVGNAS ELBMAK ABIDNOK ITTURVIN,,216,682,898,590,1488
Nanded,,,Deglur (SC),90,,312,455,0,0,455,459,RAKIVGNAS ELBMAK ABIDNOK ITTURVIN,,243,524,767,459,1226
Nanded,,,Deglur (SC),90,,313,499,0,0,499,505,RAKIVGNAS ELBMAK ABIDNOK ITTURVIN,,350,462,812,505,1317
Nanded,,,Deglur (SC),90,,314,658,0,0,658,661,RAKIVGNAS ELBMAK ABIDNOK ITTURVIN,,321,651,972,661,1633
Nanded,,,Deglur (SC),90,,315,879,0,0,879,883,RAKIVGNAS ELBMAK ABIDNOK ITTURVIN,,416,778,1194,883,2077
Nanded,,,Deglur (SC),90,,316,772,0,0,772,777,RAKIVGNAS ELBMAK ABIDNOK ITTURVIN,,404,684,1088,777,1865
Nanded,,,Deglur (SC),90,,317,525,0,0,525,527,RAKIVGNAS ELBMAK ABIDNOK ITTURVIN,,361,481,842,527,1369
Nanded,,,Deglur (SC),90,,318,573,0,0,573,579,RAKIVGNAS ELBMAK ABIDNOK ITTURVIN,,392,499,891,579,1470
Nanded,,,Deglur (SC),90,,319,483,0,0,483,488,RAKIVGNAS ELBMAK ABIDNOK ITTURVIN,,271,531,802,488,1290
Nanded,,,Deglur (SC),90,,320,490,0,0,490,499,RAKIVGNAS ELBMAK ABIDNOK ITTURVIN,,331,479,810,499,1309
Nanded,,,Deglur (SC),90,,321,585,0,0,585,595,RAKIVGNAS ELBMAK ABIDNOK ITTURVIN,,334,572,906,595,1501
Nanded,,,Deglur (SC),90,,322,472,0,0,472,475,RAKIVGNAS ELBMAK ABIDNOK ITTURVIN,,308,486,794,475,1269
Nanded,,,Deglur (SC),90,,323,428,0,0,428,432,RAKIVGNAS ELBMAK ABIDNOK ITTURVIN,,237,514,751,432,1183
Nanded,,,Deglur (SC),90,,324,418,0,0,418,421,RAKIVGNAS ELBMAK ABIDNOK ITTURVIN,,193,549,742,421,1163
Nanded,,,Deglur (SC),90,,325,421,0,0,421,422,RAKIVGNAS ELBMAK ABIDNOK ITTURVIN,,175,571,746,422,1168
Nanded,,,Deglur (SC),90,,326,621,0,0,621,624,RAKIVGNAS ELBMAK ABIDNOK ITTURVIN,,394,553,947,624,1571
Nanded,,,Deglur (SC),90,,327,467,0,0,467,468,RAKIVGNAS ELBMAK ABIDNOK ITTURVIN,,226,568,794,468,1262
Nanded,,,Deglur (SC),90,,328,404,0,0,404,405,RAKIVGNAS ELBMAK ABIDNOK ITTURVIN,,212,520,732,405,1137
Nanded,,,Deglur (SC),90,,329,404,0,0,404,404,RAKIVGNAS ELBMAK ABIDNOK ITTURVIN,,250,483,733,404,1137
Nanded,,,Deglur (SC),90,,330,457,0,0,457,459,RAKIVGNAS ELBMAK ABIDNOK ITTURVIN,,312,475,787,459,1246
Nanded,,,Deglur (SC),90,,331,623,0,0,623,625,RAKIVGNAS ELBMAK ABIDNOK ITTURVIN,,195,759,954,625,1579
Nanded,,,Deglur (SC),90,,332,506,0,0,506,511,RAKIVGNAS ELBMAK ABIDNOK ITTURVIN,,232,606,838,511,1349
Nanded,,,Deglur (SC),90,,333,517,0,0,517,519,RAKIVGNAS ELBMAK ABIDNOK ITTURVIN,,262,588,850,519,1369
Nanded,,,Deglur (SC),90,,334,705,0,0,705,707,RAKIVGNAS ELBMAK ABIDNOK ITTURVIN,,465,574,1039,707,1746
Nanded,,,Deglur (SC),90,,335,386,0,0,386,388,RAKIVGNAS ELBMAK ABIDNOK ITTURVIN,,285,436,721,388,1109
Nanded,,,Deglur (SC),90,,336,303,0,0,303,304,RAKIVGNAS ELBMAK ABIDNOK ITTURVIN,,152,487,639,304,943
Nanded,,,Deglur (SC),90,,337,502,0,0,502,504,RAKIVGNAS ELBMAK ABIDNOK ITTURVIN,,304,535,839,504,1343
Nanded,,,Deglur (SC),90,,338,403,0,0,403,406,RAKIVGNAS ELBMAK ABIDNOK ITTURVIN,,198,543,741,406,1147
Nanded,,,Deglur (SC),90,,339,707,0,0,707,712,RAKIVGNAS ELBMAK ABIDNOK ITTURVIN,,526,520,1046,712,1758
Nanded,,,Deglur (SC),90,,340,689,0,0,689,692,RAKIVGNAS ELBMAK ABIDNOK ITTURVIN,,459,570,1029,692,1721
Nanded,,,Deglur (SC),90,,341,444,0,0,444,444,RAKIVGNAS ELBMAK ABIDNOK ITTURVIN,,387,398,785,444,1229
Nanded,,,Deglur (SC),90,,342,376,0,0,376,376,RAKIVGNAS ELBMAK ABIDNOK ITTURVIN,,243,475,718,376,1094
Nanded,,,Deglur (SC),90,,343,489,0,0,489,489,RAKIVGNAS ELBMAK ABIDNOK ITTURVIN,,246,586,832,489,1321
Nanded,,,Deglur (SC),90,,344,560,0,0,560,562,RAKIVGNAS ELBMAK ABIDNOK ITTURVIN,,375,529,904,562,1466
Nanded,,,Deglur (SC),90,,345,420,0,0,420,425,RAKIVGNAS ELBMAK ABIDNOK ITTURVIN,,205,560,765,425,1190
Nanded,,,Deglur (SC),90,,346,588,0,0,588,590,RAKIVGNAS ELBMAK ABIDNOK ITTURVIN,,424,510,934,590,1524
Nanded,,,Deglur (SC),90,,347,445,0,0,445,445,RAKIVGNAS ELBMAK ABIDNOK ITTURVIN,,198,594,792,445,1237
Nanded,,,Deglur (SC),90,,348,664,0,0,664,668,RAKIVGNAS ELBMAK ABIDNOK ITTURVIN,,362,650,1012,668,1680
Nanded,,,Deglur (SC),90,,349,483,0,0,483,486,RAKIVGNAS ELBMAK ABIDNOK ITTURVIN,,275,557,832,486,1318
Nanded,,,Deglur (SC),90,,350,397,0,0,397,397,RAKIVGNAS ELBMAK ABIDNOK ITTURVIN,,260,487,747,397,1144
Nanded,,,Deglur (SC),90,,351,330,0,0,330,330,RAKIVGNAS ELBMAK ABIDNOK ITTURVIN,,176,505,681,330,1011
TOTAL,,,,,,,196496,0,0,196496,197409,,,106520,151752,258272,197409,455681
