District Name,District No,Jilha,Constituency Name,Constituency No,Total No. of Electors,Serial Poll,Total No. Valid Votes,No. of Rejected Votes,NOTA,Total,No. of Tendered Votes,Elected Person Name,Party Name of Elected Person,No. of Valid Votes Cast in Favour of Elected Person,Other Candidate Votes,Total EVM Votes,Total Postal ballot votes,Total Votes Polled
Nanded,,,Mukhed,91,,1,537,0,0,537,537,LITAP OARTAKNEV OARTNAMNAH RAKERGOMTEB,,402,136,538,537,1075
Nanded,,,Mukhed,91,,2,783,0,0,783,784,LITAP OARTAKNEV OARTNAMNAH RAKERGOMTEB,,264,521,785,784,1569
Nanded,,,Mukhed,91,,3,762,0,0,762,762,LITAP OARTAKNEV OARTNAMNAH RAKERGOMTEB,,159,606,765,762,1527
Nanded,,,Mukhed,91,,4,528,0,0,528,529,LITAP OARTAKNEV OARTNAMNAH RAKERGOMTEB,,433,99,532,529,1061
Nanded,,,Mukhed,91,,5,319,0,0,319,319,LITAP OARTAKNEV OARTNAMNAH RAKERGOMTEB,,248,76,324,319,643
Nanded,,,Mukhed,91,,6,759,0,0,759,760,LITAP OARTAKNEV OARTNAMNAH RAKERGOMTEB,,573,192,765,760,1525
Nanded,,,Mukhed,91,,7,558,0,0,558,558,LITAP OARTAKNEV OARTNAMNAH RAKERGOMTEB,,363,202,565,558,1123
Nanded,,,Mukhed,91,,8,367,0,0,367,367,LITAP OARTAKNEV OARTNAMNAH RAKERGOMTEB,,285,90,375,367,742
Nanded,,,Mukhed,91,,9,598,0,0,598,599,LITAP OARTAKNEV OARTNAMNAH RAKERGOMTEB,,474,133,607,599,1206
Nanded,,,Mukhed,91,,10,594,0,0,594,594,LITAP OARTAKNEV OARTNAMNAH RAKERGOMTEB,,120,484,604,594,1198
Nanded,,,Mukhed,91,,11,539,0,0,539,542,LITAP OARTAKNEV OARTNAMNAH RAKERGOMTEB,,178,372,550,542,1092
Nanded,,,Mukhed,91,,12,633,0,0,633,635,LITAP OARTAKNEV OARTNAMNAH RAKERGOMTEB,,259,386,645,635,1280
Nanded,,,Mukhed,91,,13,650,0,0,650,650,LITAP OARTAKNEV OARTNAMNAH RAKERGOMTEB,,320,343,663,650,1313
Nanded,,,Mukhed,91,,14,877,0,0,877,878,LITAP OARTAKNEV OARTNAMNAH RAKERGOMTEB,,405,486,891,878,1769
Nanded,,,Mukhed,91,,15,604,0,0,604,605,LITAP OARTAKNEV OARTNAMNAH RAKERGOMTEB,,129,490,619,605,1224
Nanded,,,Mukhed,91,,16,623,0,0,623,623,LITAP OARTAKNEV OARTNAMNAH RAKERGOMTEB,,282,357,639,623,1262
Nanded,,,Mukhed,91,,17,597,0,0,597,597,LITAP OARTAKNEV OARTNAMNAH RAKERGOMTEB,,143,471,614,597,1211
Nanded,,,Mukhed,91,,18,486,0,0,486,487,LITAP OARTAKNEV OARTNAMNAH RAKERGOMTEB,,87,417,504,487,991
Nanded,,,Mukhed,91,,19,592,0,0,592,592,LITAP OARTAKNEV OARTNAMNAH RAKERGOMTEB,,183,428,611,592,1203
Nanded,,,Mukhed,91,,20,475,0,0,475,476,LITAP OARTAKNEV OARTNAMNAH RAKERGOMTEB,,202,293,495,476,971
Nanded,,,Mukhed,91,,21,838,0,0,838,839,LITAP OARTAKNEV OARTNAMNAH RAKERGOMTEB,,559,300,859,839,1698
Nanded,,,Mukhed,91,,22,465,0,0,465,465,LITAP OARTAKNEV OARTNAMNAH RAKERGOMTEB,,158,329,487,465,952
Nanded,,,Mukhed,91,,23,841,0,0,841,841,LITAP OARTAKNEV OARTNAMNAH RAKERGOMTEB,,259,605,864,841,1705
Nanded,,,Mukhed,91,,24,649,0,0,649,651,LITAP OARTAKNEV OARTNAMNAH RAKERGOMTEB,,207,466,673,651,1324
Nanded,,,Mukhed,91,,25,702,0,0,702,702,LITAP OARTAKNEV OARTNAMNAH RAKERGOMTEB,,109,618,727,702,1429
Nanded,,,Mukhed,91,,26,790,0,0,790,792,LITAP OARTAKNEV OARTNAMNAH RAKERGOMTEB,,299,517,816,792,1608
Nanded,,,Mukhed,91,,27,819,0,0,819,821,LITAP OARTAKNEV OARTNAMNAH RAKERGOMTEB,,463,383,846,821,1667
Nanded,,,Mukhed,91,,28,847,0,0,847,849,LITAP OARTAKNEV OARTNAMNAH RAKERGOMTEB,,289,586,875,849,1724
Nanded,,,Mukhed,91,,29,614,0,0,614,616,LITAP OARTAKNEV OARTNAMNAH RAKERGOMTEB,,125,518,643,616,1259
Nanded,,,Mukhed,91,,30,832,0,0,832,836,LITAP OARTAKNEV OARTNAMNAH RAKERGOMTEB,,401,461,862,836,1698
Nanded,,,Mukhed,91,,31,770,0,0,770,773,LITAP OARTAKNEV OARTNAMNAH RAKERGOMTEB,,598,203,801,773,1574
Nanded,,,Mukhed,91,,32,598,0,0,598,601,LITAP OARTAKNEV OARTNAMNAH RAKERGOMTEB,,154,476,630,601,1231
Nanded,,,Mukhed,91,,33,645,0,0,645,650,LITAP OARTAKNEV OARTNAMNAH RAKERGOMTEB,,292,386,678,650,1328
Nanded,,,Mukhed,91,,34,527,0,0,527,530,LITAP OARTAKNEV OARTNAMNAH RAKERGOMTEB,,277,284,561,530,1091
Nanded,,,Mukhed,91,,35,617,0,0,617,619,LITAP OARTAKNEV OARTNAMNAH RAKERGOMTEB,,297,355,652,619,1271
Nanded,,,Mukhed,91,,36,473,0,0,473,477,LITAP OARTAKNEV OARTNAMNAH RAKERGOMTEB,,288,221,509,477,986
Nanded,,,Mukhed,91,,37,545,0,0,545,546,LITAP OARTAKNEV OARTNAMNAH RAKERGOMTEB,,343,239,582,546,1128
Nanded,,,Mukhed,91,,38,258,0,0,258,258,LITAP OARTAKNEV OARTNAMNAH RAKERGOMTEB,,208,88,296,258,554
Nanded,,,Mukhed,91,,39,320,0,0,320,321,LITAP OARTAKNEV OARTNAMNAH RAKERGOMTEB,,220,139,359,321,680
Nanded,,,Mukhed,91,,40,475,0,0,475,476,LITAP OARTAKNEV OARTNAMNAH RAKERGOMTEB,,213,302,515,476,991
Nanded,,,Mukhed,91,,41,465,0,0,465,466,LITAP OARTAKNEV OARTNAMNAH RAKERGOMTEB,,126,380,506,466,972
Nanded,,,Mukhed,91,,42,519,0,0,519,519,LITAP OARTAKNEV OARTNAMNAH RAKERGOMTEB,,438,123,561,519,1080
Nanded,,,Mukhed,91,,43,452,0,0,452,453,LITAP OARTAKNEV OARTNAMNAH RAKERGOMTEB,,387,108,495,453,948
Nanded,,,Mukhed,91,,44,332,0,0,332,334,LITAP OARTAKNEV OARTNAMNAH RAKERGOMTEB,,315,61,376,334,710
Nanded,,,Mukhed,91,,45,718,0,0,718,718,LITAP OARTAKNEV OARTNAMNAH RAKERGOMTEB,,626,137,763,718,1481
Nanded,,,Mukhed,91,,46,361,0,0,361,361,LITAP OARTAKNEV OARTNAMNAH RAKERGOMTEB,,131,276,407,361,768
Nanded,,,Mukhed,91,,47,634,0,0,634,635,LITAP OARTAKNEV OARTNAMNAH RAKERGOMTEB,,195,486,681,635,1316
Nanded,,,Mukhed,91,,48,513,0,0,513,513,LITAP OARTAKNEV OARTNAMNAH RAKERGOMTEB,,136,425,561,513,1074
Nanded,,,Mukhed,91,,49,608,0,0,608,608,LITAP OARTAKNEV OARTNAMNAH RAKERGOMTEB,,306,351,657,608,1265
Nanded,,,Mukhed,91,,50,554,0,0,554,556,LITAP OARTAKNEV OARTNAMNAH RAKERGOMTEB,,356,248,604,556,1160
Nanded,,,Mukhed,91,,51,468,0,0,468,470,LITAP OARTAKNEV OARTNAMNAH RAKERGOMTEB,,368,151,519,470,989
Nanded,,,Mukhed,91,,52,500,0,0,500,500,LITAP OARTAKNEV OARTNAMNAH RAKERGOMTEB,,324,228,552,500,1052
Nanded,,,Mukhed,91,,53,437,0,0,437,440,LITAP OARTAKNEV OARTNAMNAH RAKERGOMTEB,,215,275,490,440,930
Nanded,,,Mukhed,91,,54,566,0,0,566,569,LITAP OARTAKNEV OARTNAMNAH RAKERGOMTEB,,319,301,620,569,1189
Nanded,,,Mukhed,91,,55,672,0,0,672,675,LITAP OARTAKNEV OARTNAMNAH RAKERGOMTEB,,554,173,727,675,1402
Nanded,,,Mukhed,91,,56,322,0,0,322,322,LITAP OARTAKNEV OARTNAMNAH RAKERGOMTEB,,266,112,378,322,700
Nanded,,,Mukhed,91,,57,441,0,0,441,442,LITAP OARTAKNEV OARTNAMNAH RAKERGOMTEB,,212,286,498,442,940
Nanded,,,Mukhed,91,,58,457,0,0,457,459,LITAP OARTAKNEV OARTNAMNAH RAKERGOMTEB,,205,310,515,459,974
Nanded,,,Mukhed,91,,59,754,0,0,754,754,LITAP OARTAKNEV OARTNAMNAH RAKERGOMTEB,,261,552,813,754,1567
Nanded,,,Mukhed,91,,60,950,0,0,950,953,LITAP OARTAKNEV OARTNAMNAH RAKERGOMTEB,,266,744,1010,953,1963
Nanded,,,Mukhed,91,,61,840,0,0,840,843,LITAP OARTAKNEV OARTNAMNAH RAKERGOMTEB,,506,395,901,843,1744
Nanded,,,Mukhed,91,,62,683,0,0,683,685,LITAP OARTAKNEV OARTNAMNAH RAKERGOMTEB,,356,389,745,685,1430
Nanded,,,Mukhed,91,,63,451,0,0,451,452,LITAP OARTAKNEV OARTNAMNAH RAKERGOMTEB,,86,428,514,452,966
Nanded,,,Mukhed,91,,64,495,0,0,495,495,LITAP OARTAKNEV OARTNAMNAH RAKERGOMTEB,,455,104,559,495,1054
Nanded,,,Mukhed,91,,65,859,0,0,859,860,LITAP OARTAKNEV OARTNAMNAH RAKERGOMTEB,,450,474,924,860,1784
Nanded,,,Mukhed,91,,66,990,0,0,990,1000,LITAP OARTAKNEV OARTNAMNAH RAKERGOMTEB,,544,512,1056,1000,2056
Nanded,,,Mukhed,91,,67,422,0,0,422,423,LITAP OARTAKNEV OARTNAMNAH RAKERGOMTEB,,218,271,489,423,912
Nanded,,,Mukhed,91,,68,748,0,0,748,748,LITAP OARTAKNEV OARTNAMNAH RAKERGOMTEB,,487,329,816,748,1564
Nanded,,,Mukhed,91,,69,355,0,0,355,355,LITAP OARTAKNEV OARTNAMNAH RAKERGOMTEB,,206,218,424,355,779
Nanded,,,Mukhed,91,,70,594,0,0,594,600,LITAP OARTAKNEV OARTNAMNAH RAKERGOMTEB,,346,318,664,600,1264
Nanded,,,Mukhed,91,,71,707,0,0,707,710,LITAP OARTAKNEV OARTNAMNAH RAKERGOMTEB,,271,507,778,710,1488
Nanded,,,Mukhed,91,,72,215,0,0,215,215,LITAP OARTAKNEV OARTNAMNAH RAKERGOMTEB,,129,158,287,215,502
Nanded,,,Mukhed,91,,73,813,0,0,813,814,LITAP OARTAKNEV OARTNAMNAH RAKERGOMTEB,,310,576,886,814,1700
Nanded,,,Mukhed,91,,74,699,0,0,699,702,LITAP OARTAKNEV OARTNAMNAH RAKERGOMTEB,,124,649,773,702,1475
Nanded,,,Mukhed,91,,75,556,0,0,556,560,LITAP OARTAKNEV OARTNAMNAH RAKERGOMTEB,,185,446,631,560,1191
Nanded,,,Mukhed,91,,76,554,0,0,554,555,LITAP OARTAKNEV OARTNAMNAH RAKERGOMTEB,,268,362,630,555,1185
Nanded,,,Mukhed,91,,77,578,0,0,578,580,LITAP OARTAKNEV OARTNAMNAH RAKERGOMTEB,,156,499,655,580,1235
Nanded,,,Mukhed,91,,78,548,0,0,548,548,LITAP OARTAKNEV OARTNAMNAH RAKERGOMTEB,,183,443,626,548,1174
Nanded,,,Mukhed,91,,79,765,0,0,765,765,LITAP OARTAKNEV OARTNAMNAH RAKERGOMTEB,,344,500,844,765,1609
Nanded,,,Mukhed,91,,80,645,0,0,645,645,LITAP OARTAKNEV OARTNAMNAH RAKERGOMTEB,,340,385,725,645,1370
Nanded,,,Mukhed,91,,81,680,0,0,680,683,LITAP OARTAKNEV OARTNAMNAH RAKERGOMTEB,,165,596,761,683,1444
Nanded,,,Mukhed,91,,82,711,0,0,711,712,LITAP OARTAKNEV OARTNAMNAH RAKERGOMTEB,,282,511,793,712,1505
Nanded,,,Mukhed,91,,83,742,0,0,742,742,LITAP OARTAKNEV OARTNAMNAH RAKERGOMTEB,,203,622,825,742,1567
Nanded,,,Mukhed,91,,84,560,0,0,560,560,LITAP OARTAKNEV OARTNAMNAH RAKERGOMTEB,,86,558,644,560,1204
Nanded,,,Mukhed,91,,85,474,0,0,474,475,LITAP OARTAKNEV OARTNAMNAH RAKERGOMTEB,,130,429,559,475,1034
Nanded,,,Mukhed,91,,86,847,0,0,847,850,LITAP OARTAKNEV OARTNAMNAH RAKERGOMTEB,,172,761,933,850,1783
Nanded,,,Mukhed,91,,87,831,0,0,831,835,LITAP OARTAKNEV OARTNAMNAH RAKERGOMTEB,,178,740,918,835,1753
Nanded,,,Mukhed,91,,88,286,0,0,286,286,LITAP OARTAKNEV OARTNAMNAH RAKERGOMTEB,,60,314,374,286,660
Nanded,,,Mukhed,91,,89,798,0,0,798,800,LITAP OARTAKNEV OARTNAMNAH RAKERGOMTEB,,236,651,887,800,1687
Nanded,,,Mukhed,91,,90,704,0,0,704,705,LITAP OARTAKNEV OARTNAMNAH RAKERGOMTEB,,125,669,794,705,1499
Nanded,,,Mukhed,91,,91,545,0,0,545,548,LITAP OARTAKNEV OARTNAMNAH RAKERGOMTEB,,209,427,636,548,1184
Nanded,,,Mukhed,91,,92,446,0,0,446,449,LITAP OARTAKNEV OARTNAMNAH RAKERGOMTEB,,203,335,538,449,987
Nanded,,,Mukhed,91,,93,479,0,0,479,481,LITAP OARTAKNEV OARTNAMNAH RAKERGOMTEB,,133,439,572,481,1053
Nanded,,,Mukhed,91,,94,444,0,0,444,446,LITAP OARTAKNEV OARTNAMNAH RAKERGOMTEB,,211,327,538,446,984
Nanded,,,Mukhed,91,,95,693,0,0,693,693,LITAP OARTAKNEV OARTNAMNAH RAKERGOMTEB,,346,442,788,693,1481
Nanded,,,Mukhed,91,,96,547,0,0,547,547,LITAP OARTAKNEV OARTNAMNAH RAKERGOMTEB,,230,413,643,547,1190
Nanded,,,Mukhed,91,,97,382,0,0,382,382,LITAP OARTAKNEV OARTNAMNAH RAKERGOMTEB,,367,112,479,382,861
Nanded,,,Mukhed,91,,98,474,0,0,474,476,LITAP OARTAKNEV OARTNAMNAH RAKERGOMTEB,,309,263,572,476,1048
Nanded,,,Mukhed,91,,99,1003,0,0,1003,1004,LITAP OARTAKNEV OARTNAMNAH RAKERGOMTEB,,484,618,1102,1004,2106
Nanded,,,Mukhed,91,,100,899,0,0,899,906,LITAP OARTAKNEV OARTNAMNAH RAKERGOMTEB,,362,637,999,906,1905
Nanded,,,Mukhed,91,,101,453,0,0,453,456,LITAP OARTAKNEV OARTNAMNAH RAKERGOMTEB,,139,415,554,456,1010
Nanded,,,Mukhed,91,,102,432,0,0,432,433,LITAP OARTAKNEV OARTNAMNAH RAKERGOMTEB,,289,245,534,433,967
Nanded,,,Mukhed,91,,103,818,0,0,818,822,LITAP OARTAKNEV OARTNAMNAH RAKERGOMTEB,,342,579,921,822,1743
Nanded,,,Mukhed,91,,104,647,0,0,647,649,LITAP OARTAKNEV OARTNAMNAH RAKERGOMTEB,,237,514,751,649,1400
Nanded,,,Mukhed,91,,105,670,0,0,670,670,LITAP OARTAKNEV OARTNAMNAH RAKERGOMTEB,,283,492,775,670,1445
Nanded,,,Mukhed,91,,106,429,0,0,429,432,LITAP OARTAKNEV OARTNAMNAH RAKERGOMTEB,,378,157,535,432,967
Nanded,,,Mukhed,91,,107,666,0,0,666,667,LITAP OARTAKNEV OARTNAMNAH RAKERGOMTEB,,497,276,773,667,1440
Nanded,,,Mukhed,91,,108,587,0,0,587,588,LITAP OARTAKNEV OARTNAMNAH RAKERGOMTEB,,400,295,695,588,1283
Nanded,,,Mukhed,91,,109,554,0,0,554,554,LITAP OARTAKNEV OARTNAMNAH RAKERGOMTEB,,255,408,663,554,1217
Nanded,,,Mukhed,91,,110,473,0,0,473,478,LITAP OARTAKNEV OARTNAMNAH RAKERGOMTEB,,204,379,583,478,1061
Nanded,,,Mukhed,91,,111,454,0,0,454,454,LITAP OARTAKNEV OARTNAMNAH RAKERGOMTEB,,199,366,565,454,1019
Nanded,,,Mukhed,91,,112,474,0,0,474,475,LITAP OARTAKNEV OARTNAMNAH RAKERGOMTEB,,329,257,586,475,1061
Nanded,,,Mukhed,91,,113,915,0,0,915,916,LITAP OARTAKNEV OARTNAMNAH RAKERGOMTEB,,255,773,1028,916,1944
Nanded,,,Mukhed,91,,114,898,0,0,898,902,LITAP OARTAKNEV OARTNAMNAH RAKERGOMTEB,,330,682,1012,902,1914
Nanded,,,Mukhed,91,,115,638,0,0,638,638,LITAP OARTAKNEV OARTNAMNAH RAKERGOMTEB,,226,527,753,638,1391
Nanded,,,Mukhed,91,,116,795,0,0,795,797,LITAP OARTAKNEV OARTNAMNAH RAKERGOMTEB,,413,498,911,797,1708
Nanded,,,Mukhed,91,,117,629,0,0,629,629,LITAP OARTAKNEV OARTNAMNAH RAKERGOMTEB,,425,321,746,629,1375
Nanded,,,Mukhed,91,,118,829,0,0,829,833,LITAP OARTAKNEV OARTNAMNAH RAKERGOMTEB,,421,526,947,833,1780
Nanded,,,Mukhed,91,,119,964,0,0,964,968,LITAP OARTAKNEV OARTNAMNAH RAKERGOMTEB,,296,787,1083,968,2051
Nanded,,,Mukhed,91,,120,462,0,0,462,465,LITAP OARTAKNEV OARTNAMNAH RAKERGOMTEB,,152,430,582,465,1047
Nanded,,,Mukhed,91,,121,485,0,0,485,489,LITAP OARTAKNEV OARTNAMNAH RAKERGOMTEB,,164,442,606,489,1095
Nanded,,,Mukhed,91,,122,866,0,0,866,867,LITAP OARTAKNEV OARTNAMNAH RAKERGOMTEB,,272,716,988,867,1855
Nanded,,,Mukhed,91,,123,480,0,0,480,480,LITAP OARTAKNEV OARTNAMNAH RAKERGOMTEB,,214,389,603,480,1083
Nanded,,,Mukhed,91,,124,669,0,0,669,669,LITAP OARTAKNEV OARTNAMNAH RAKERGOMTEB,,304,489,793,669,1462
Nanded,,,Mukhed,91,,125,518,0,0,518,518,LITAP OARTAKNEV OARTNAMNAH RAKERGOMTEB,,262,381,643,518,1161
Nanded,,,Mukhed,91,,126,482,0,0,482,483,LITAP OARTAKNEV OARTNAMNAH RAKERGOMTEB,,216,392,608,483,1091
Nanded,,,Mukhed,91,,127,609,0,0,609,611,LITAP OARTAKNEV OARTNAMNAH RAKERGOMTEB,,395,341,736,611,1347
Nanded,,,Mukhed,91,,128,602,0,0,602,602,LITAP OARTAKNEV OARTNAMNAH RAKERGOMTEB,,290,440,730,602,1332
Nanded,,,Mukhed,91,,129,391,0,0,391,392,LITAP OARTAKNEV OARTNAMNAH RAKERGOMTEB,,175,345,520,392,912
Nanded,,,Mukhed,91,,130,440,0,0,440,440,LITAP OARTAKNEV OARTNAMNAH RAKERGOMTEB,,421,149,570,440,1010
Nanded,,,Mukhed,91,,131,784,0,0,784,786,LITAP OARTAKNEV OARTNAMNAH RAKERGOMTEB,,365,550,915,786,1701
Nanded,,,Mukhed,91,,132,514,0,0,514,517,LITAP OARTAKNEV OARTNAMNAH RAKERGOMTEB,,126,520,646,517,1163
Nanded,,,Mukhed,91,,133,552,0,0,552,554,LITAP OARTAKNEV OARTNAMNAH RAKERGOMTEB,,274,411,685,554,1239
Nanded,,,Mukhed,91,,134,637,0,0,637,641,LITAP OARTAKNEV OARTNAMNAH RAKERGOMTEB,,310,461,771,641,1412
Nanded,,,Mukhed,91,,135,727,0,0,727,727,LITAP OARTAKNEV OARTNAMNAH RAKERGOMTEB,,377,485,862,727,1589
Nanded,,,Mukhed,91,,136,604,0,0,604,605,LITAP OARTAKNEV OARTNAMNAH RAKERGOMTEB,,191,549,740,605,1345
Nanded,,,Mukhed,91,,137,675,0,0,675,681,LITAP OARTAKNEV OARTNAMNAH RAKERGOMTEB,,248,564,812,681,1493
Nanded,,,Mukhed,91,,138,514,0,0,514,514,LITAP OARTAKNEV OARTNAMNAH RAKERGOMTEB,,216,436,652,514,1166
Nanded,,,Mukhed,91,,139,529,0,0,529,532,LITAP OARTAKNEV OARTNAMNAH RAKERGOMTEB,,226,442,668,532,1200
Nanded,,,Mukhed,91,,140,704,0,0,704,708,LITAP OARTAKNEV OARTNAMNAH RAKERGOMTEB,,255,589,844,708,1552
Nanded,,,Mukhed,91,,141,602,0,0,602,604,LITAP OARTAKNEV OARTNAMNAH RAKERGOMTEB,,256,487,743,604,1347
Nanded,,,Mukhed,91,,142,688,0,0,688,690,LITAP OARTAKNEV OARTNAMNAH RAKERGOMTEB,,231,599,830,690,1520
Nanded,,,Mukhed,91,,143,656,0,0,656,657,LITAP OARTAKNEV OARTNAMNAH RAKERGOMTEB,,265,534,799,657,1456
Nanded,,,Mukhed,91,,144,464,0,0,464,465,LITAP OARTAKNEV OARTNAMNAH RAKERGOMTEB,,197,411,608,465,1073
Nanded,,,Mukhed,91,,145,533,0,0,533,534,LITAP OARTAKNEV OARTNAMNAH RAKERGOMTEB,,377,301,678,534,1212
Nanded,,,Mukhed,91,,146,838,0,0,838,839,LITAP OARTAKNEV OARTNAMNAH RAKERGOMTEB,,277,707,984,839,1823
Nanded,,,Mukhed,91,,147,913,0,0,913,923,LITAP OARTAKNEV OARTNAMNAH RAKERGOMTEB,,326,734,1060,923,1983
Nanded,,,Mukhed,91,,148,719,0,0,719,719,LITAP OARTAKNEV OARTNAMNAH RAKERGOMTEB,,259,608,867,719,1586
Nanded,,,Mukhed,91,,149,530,0,0,530,532,LITAP OARTAKNEV OARTNAMNAH RAKERGOMTEB,,505,174,679,532,1211
Nanded,,,Mukhed,91,,150,500,0,0,500,503,LITAP OARTAKNEV OARTNAMNAH RAKERGOMTEB,,122,528,650,503,1153
Nanded,,,Mukhed,91,,151,492,0,0,492,494,LITAP OARTAKNEV OARTNAMNAH RAKERGOMTEB,,146,497,643,494,1137
Nanded,,,Mukhed,91,,152,722,0,0,722,722,LITAP OARTAKNEV OARTNAMNAH RAKERGOMTEB,,155,719,874,722,1596
Nanded,,,Mukhed,91,,153,782,0,0,782,783,LITAP OARTAKNEV OARTNAMNAH RAKERGOMTEB,,279,656,935,783,1718
Nanded,,,Mukhed,91,,154,847,0,0,847,848,LITAP OARTAKNEV OARTNAMNAH RAKERGOMTEB,,373,628,1001,848,1849
Nanded,,,Mukhed,91,,155,654,0,0,654,655,LITAP OARTAKNEV OARTNAMNAH RAKERGOMTEB,,186,623,809,655,1464
Nanded,,,Mukhed,91,,156,689,0,0,689,692,LITAP OARTAKNEV OARTNAMNAH RAKERGOMTEB,,358,487,845,692,1537
Nanded,,,Mukhed,91,,157,631,0,0,631,631,LITAP OARTAKNEV OARTNAMNAH RAKERGOMTEB,,449,339,788,631,1419
Nanded,,,Mukhed,91,,158,491,0,0,491,492,LITAP OARTAKNEV OARTNAMNAH RAKERGOMTEB,,235,414,649,492,1141
Nanded,,,Mukhed,91,,159,970,0,0,970,971,LITAP OARTAKNEV OARTNAMNAH RAKERGOMTEB,,273,856,1129,971,2100
Nanded,,,Mukhed,91,,160,345,0,0,345,345,LITAP OARTAKNEV OARTNAMNAH RAKERGOMTEB,,159,346,505,345,850
Nanded,,,Mukhed,91,,161,370,0,0,370,370,LITAP OARTAKNEV OARTNAMNAH RAKERGOMTEB,,104,427,531,370,901
Nanded,,,Mukhed,91,,162,739,0,0,739,740,LITAP OARTAKNEV OARTNAMNAH RAKERGOMTEB,,178,723,901,740,1641
Nanded,,,Mukhed,91,,163,768,0,0,768,770,LITAP OARTAKNEV OARTNAMNAH RAKERGOMTEB,,129,802,931,770,1701
Nanded,,,Mukhed,91,,164,866,0,0,866,867,LITAP OARTAKNEV OARTNAMNAH RAKERGOMTEB,,338,692,1030,867,1897
Nanded,,,Mukhed,91,,165,475,0,0,475,475,LITAP OARTAKNEV OARTNAMNAH RAKERGOMTEB,,268,372,640,475,1115
Nanded,,,Mukhed,91,,166,277,0,0,277,279,LITAP OARTAKNEV OARTNAMNAH RAKERGOMTEB,,150,293,443,279,722
Nanded,,,Mukhed,91,,167,553,0,0,553,555,LITAP OARTAKNEV OARTNAMNAH RAKERGOMTEB,,245,475,720,555,1275
Nanded,,,Mukhed,91,,168,347,0,0,347,347,LITAP OARTAKNEV OARTNAMNAH RAKERGOMTEB,,138,377,515,347,862
Nanded,,,Mukhed,91,,169,465,0,0,465,465,LITAP OARTAKNEV OARTNAMNAH RAKERGOMTEB,,169,465,634,465,1099
Nanded,,,Mukhed,91,,170,392,0,0,392,394,LITAP OARTAKNEV OARTNAMNAH RAKERGOMTEB,,193,369,562,394,956
Nanded,,,Mukhed,91,,171,534,0,0,534,534,LITAP OARTAKNEV OARTNAMNAH RAKERGOMTEB,,205,500,705,534,1239
Nanded,,,Mukhed,91,,172,313,0,0,313,313,LITAP OARTAKNEV OARTNAMNAH RAKERGOMTEB,,133,352,485,313,798
Nanded,,,Mukhed,91,,173,753,0,0,753,755,LITAP OARTAKNEV OARTNAMNAH RAKERGOMTEB,,388,538,926,755,1681
Nanded,,,Mukhed,91,,174,562,0,0,562,564,LITAP OARTAKNEV OARTNAMNAH RAKERGOMTEB,,253,483,736,564,1300
Nanded,,,Mukhed,91,,175,566,0,0,566,569,LITAP OARTAKNEV OARTNAMNAH RAKERGOMTEB,,222,519,741,569,1310
Nanded,,,Mukhed,91,,176,394,0,0,394,397,LITAP OARTAKNEV OARTNAMNAH RAKERGOMTEB,,198,372,570,397,967
Nanded,,,Mukhed,91,,177,472,0,0,472,474,LITAP OARTAKNEV OARTNAMNAH RAKERGOMTEB,,255,394,649,474,1123
Nanded,,,Mukhed,91,,178,656,0,0,656,657,LITAP OARTAKNEV OARTNAMNAH RAKERGOMTEB,,345,489,834,657,1491
Nanded,,,Mukhed,91,,179,546,0,0,546,550,LITAP OARTAKNEV OARTNAMNAH RAKERGOMTEB,,230,495,725,550,1275
Nanded,,,Mukhed,91,,180,496,0,0,496,497,LITAP OARTAKNEV OARTNAMNAH RAKERGOMTEB,,131,545,676,497,1173
Nanded,,,Mukhed,91,,181,569,0,0,569,569,LITAP OARTAKNEV OARTNAMNAH RAKERGOMTEB,,278,472,750,569,1319
Nanded,,,Mukhed,91,,182,532,0,0,532,533,LITAP OARTAKNEV OARTNAMNAH RAKERGOMTEB,,210,504,714,533,1247
Nanded,,,Mukhed,91,,183,664,0,0,664,665,LITAP OARTAKNEV OARTNAMNAH RAKERGOMTEB,,252,595,847,665,1512
Nanded,,,Mukhed,91,,184,424,0,0,424,428,LITAP OARTAKNEV OARTNAMNAH RAKERGOMTEB,,174,434,608,428,1036
Nanded,,,Mukhed,91,,185,711,0,0,711,716,LITAP OARTAKNEV OARTNAMNAH RAKERGOMTEB,,359,537,896,716,1612
Nanded,,,Mukhed,91,,186,571,0,0,571,572,LITAP OARTAKNEV OARTNAMNAH RAKERGOMTEB,,180,577,757,572,1329
Nanded,,,Mukhed,91,,187,535,0,0,535,538,LITAP OARTAKNEV OARTNAMNAH RAKERGOMTEB,,251,471,722,538,1260
Nanded,,,Mukhed,91,,188,643,0,0,643,643,LITAP OARTAKNEV OARTNAMNAH RAKERGOMTEB,,592,239,831,643,1474
Nanded,,,Mukhed,91,,189,795,0,0,795,799,LITAP OARTAKNEV OARTNAMNAH RAKERGOMTEB,,190,794,984,799,1783
Nanded,,,Mukhed,91,,190,718,0,0,718,720,LITAP OARTAKNEV OARTNAMNAH RAKERGOMTEB,,531,377,908,720,1628
Nanded,,,Mukhed,91,,191,578,0,0,578,580,LITAP OARTAKNEV OARTNAMNAH RAKERGOMTEB,,382,387,769,580,1349
Nanded,,,Mukhed,91,,192,595,0,0,595,596,LITAP OARTAKNEV OARTNAMNAH RAKERGOMTEB,,152,635,787,596,1383
Nanded,,,Mukhed,91,,193,529,0,0,529,529,LITAP OARTAKNEV OARTNAMNAH RAKERGOMTEB,,232,490,722,529,1251
Nanded,,,Mukhed,91,,194,442,0,0,442,443,LITAP OARTAKNEV OARTNAMNAH RAKERGOMTEB,,135,501,636,443,1079
Nanded,,,Mukhed,91,,195,800,0,0,800,806,LITAP OARTAKNEV OARTNAMNAH RAKERGOMTEB,,439,556,995,806,1801
Nanded,,,Mukhed,91,,196,877,0,0,877,879,LITAP OARTAKNEV OARTNAMNAH RAKERGOMTEB,,405,668,1073,879,1952
Nanded,,,Mukhed,91,,197,528,0,0,528,531,LITAP OARTAKNEV OARTNAMNAH RAKERGOMTEB,,218,507,725,531,1256
Nanded,,,Mukhed,91,,198,474,0,0,474,476,LITAP OARTAKNEV OARTNAMNAH RAKERGOMTEB,,193,479,672,476,1148
Nanded,,,Mukhed,91,,199,695,0,0,695,696,LITAP OARTAKNEV OARTNAMNAH RAKERGOMTEB,,258,636,894,696,1590
Nanded,,,Mukhed,91,,200,489,0,0,489,490,LITAP OARTAKNEV OARTNAMNAH RAKERGOMTEB,,222,467,689,490,1179
Nanded,,,Mukhed,91,,201,776,0,0,776,778,LITAP OARTAKNEV OARTNAMNAH RAKERGOMTEB,,443,534,977,778,1755
Nanded,,,Mukhed,91,,202,673,0,0,673,673,LITAP OARTAKNEV OARTNAMNAH RAKERGOMTEB,,341,534,875,673,1548
Nanded,,,Mukhed,91,,203,641,0,0,641,641,LITAP OARTAKNEV OARTNAMNAH RAKERGOMTEB,,246,598,844,641,1485
Nanded,,,Mukhed,91,,204,804,0,0,804,806,LITAP OARTAKNEV OARTNAMNAH RAKERGOMTEB,,360,648,1008,806,1814
Nanded,,,Mukhed,91,,205,495,0,0,495,498,LITAP OARTAKNEV OARTNAMNAH RAKERGOMTEB,,184,516,700,498,1198
Nanded,,,Mukhed,91,,206,330,0,0,330,333,LITAP OARTAKNEV OARTNAMNAH RAKERGOMTEB,,305,231,536,333,869
Nanded,,,Mukhed,91,,207,658,0,0,658,658,LITAP OARTAKNEV OARTNAMNAH RAKERGOMTEB,,623,242,865,658,1523
Nanded,,,Mukhed,91,,208,264,0,0,264,264,LITAP OARTAKNEV OARTNAMNAH RAKERGOMTEB,,248,224,472,264,736
Nanded,,,Mukhed,91,,209,635,0,0,635,636,LITAP OARTAKNEV OARTNAMNAH RAKERGOMTEB,,364,480,844,636,1480
Nanded,,,Mukhed,91,,210,506,0,0,506,507,LITAP OARTAKNEV OARTNAMNAH RAKERGOMTEB,,147,569,716,507,1223
Nanded,,,Mukhed,91,,211,387,0,0,387,388,LITAP OARTAKNEV OARTNAMNAH RAKERGOMTEB,,374,224,598,388,986
Nanded,,,Mukhed,91,,212,918,0,0,918,918,LITAP OARTAKNEV OARTNAMNAH RAKERGOMTEB,,175,955,1130,918,2048
Nanded,,,Mukhed,91,,213,477,0,0,477,478,LITAP OARTAKNEV OARTNAMNAH RAKERGOMTEB,,150,540,690,478,1168
Nanded,,,Mukhed,91,,214,804,0,0,804,804,LITAP OARTAKNEV OARTNAMNAH RAKERGOMTEB,,517,501,1018,804,1822
Nanded,,,Mukhed,91,,215,611,0,0,611,613,LITAP OARTAKNEV OARTNAMNAH RAKERGOMTEB,,136,690,826,613,1439
Nanded,,,Mukhed,91,,216,610,0,0,610,612,LITAP OARTAKNEV OARTNAMNAH RAKERGOMTEB,,164,662,826,612,1438
Nanded,,,Mukhed,91,,217,657,0,0,657,658,LITAP OARTAKNEV OARTNAMNAH RAKERGOMTEB,,195,679,874,658,1532
Nanded,,,Mukhed,91,,218,795,0,0,795,796,LITAP OARTAKNEV OARTNAMNAH RAKERGOMTEB,,247,766,1013,796,1809
Nanded,,,Mukhed,91,,219,922,0,0,922,924,LITAP OARTAKNEV OARTNAMNAH RAKERGOMTEB,,287,854,1141,924,2065
Nanded,,,Mukhed,91,,220,695,0,0,695,697,LITAP OARTAKNEV OARTNAMNAH RAKERGOMTEB,,266,649,915,697,1612
Nanded,,,Mukhed,91,,221,579,0,0,579,584,LITAP OARTAKNEV OARTNAMNAH RAKERGOMTEB,,396,404,800,584,1384
Nanded,,,Mukhed,91,,222,887,0,0,887,890,LITAP OARTAKNEV OARTNAMNAH RAKERGOMTEB,,372,737,1109,890,1999
Nanded,,,Mukhed,91,,223,520,0,0,520,520,LITAP OARTAKNEV OARTNAMNAH RAKERGOMTEB,,222,521,743,520,1263
Nanded,,,Mukhed,91,,224,778,0,0,778,778,LITAP OARTAKNEV OARTNAMNAH RAKERGOMTEB,,275,727,1002,778,1780
Nanded,,,Mukhed,91,,225,443,0,0,443,444,LITAP OARTAKNEV OARTNAMNAH RAKERGOMTEB,,303,365,668,444,1112
Nanded,,,Mukhed,91,,226,504,0,0,504,505,LITAP OARTAKNEV OARTNAMNAH RAKERGOMTEB,,262,468,730,505,1235
Nanded,,,Mukhed,91,,227,774,0,0,774,779,LITAP OARTAKNEV OARTNAMNAH RAKERGOMTEB,,307,694,1001,779,1780
Nanded,,,Mukhed,91,,228,312,0,0,312,312,LITAP OARTAKNEV OARTNAMNAH RAKERGOMTEB,,219,321,540,312,852
Nanded,,,Mukhed,91,,229,604,0,0,604,606,LITAP OARTAKNEV OARTNAMNAH RAKERGOMTEB,,174,659,833,606,1439
Nanded,,,Mukhed,91,,230,845,0,0,845,847,LITAP OARTAKNEV OARTNAMNAH RAKERGOMTEB,,369,706,1075,847,1922
Nanded,,,Mukhed,91,,231,640,0,0,640,641,LITAP OARTAKNEV OARTNAMNAH RAKERGOMTEB,,278,593,871,641,1512
Nanded,,,Mukhed,91,,232,655,0,0,655,655,LITAP OARTAKNEV OARTNAMNAH RAKERGOMTEB,,289,598,887,655,1542
Nanded,,,Mukhed,91,,233,664,0,0,664,666,LITAP OARTAKNEV OARTNAMNAH RAKERGOMTEB,,300,597,897,666,1563
Nanded,,,Mukhed,91,,234,495,0,0,495,496,LITAP OARTAKNEV OARTNAMNAH RAKERGOMTEB,,235,494,729,496,1225
Nanded,,,Mukhed,91,,235,317,0,0,317,317,LITAP OARTAKNEV OARTNAMNAH RAKERGOMTEB,,287,265,552,317,869
Nanded,,,Mukhed,91,,236,438,0,0,438,438,LITAP OARTAKNEV OARTNAMNAH RAKERGOMTEB,,146,528,674,438,1112
Nanded,,,Mukhed,91,,237,614,0,0,614,614,LITAP OARTAKNEV OARTNAMNAH RAKERGOMTEB,,108,743,851,614,1465
Nanded,,,Mukhed,91,,238,228,0,0,228,228,LITAP OARTAKNEV OARTNAMNAH RAKERGOMTEB,,125,341,466,228,694
Nanded,,,Mukhed,91,,239,707,0,0,707,710,LITAP OARTAKNEV OARTNAMNAH RAKERGOMTEB,,213,733,946,710,1656
Nanded,,,Mukhed,91,,240,435,0,0,435,435,LITAP OARTAKNEV OARTNAMNAH RAKERGOMTEB,,248,427,675,435,1110
Nanded,,,Mukhed,91,,241,413,0,0,413,414,LITAP OARTAKNEV OARTNAMNAH RAKERGOMTEB,,250,404,654,414,1068
Nanded,,,Mukhed,91,,242,635,0,0,635,636,LITAP OARTAKNEV OARTNAMNAH RAKERGOMTEB,,258,619,877,636,1513
Nanded,,,Mukhed,91,,243,398,0,0,398,399,LITAP OARTAKNEV OARTNAMNAH RAKERGOMTEB,,163,478,641,399,1040
Nanded,,,Mukhed,91,,244,727,0,0,727,728,LITAP OARTAKNEV OARTNAMNAH RAKERGOMTEB,,584,387,971,728,1699
Nanded,,,Mukhed,91,,245,567,0,0,567,569,LITAP OARTAKNEV OARTNAMNAH RAKERGOMTEB,,273,539,812,569,1381
Nanded,,,Mukhed,91,,246,878,0,0,878,881,LITAP OARTAKNEV OARTNAMNAH RAKERGOMTEB,,358,766,1124,881,2005
Nanded,,,Mukhed,91,,247,481,0,0,481,482,LITAP OARTAKNEV OARTNAMNAH RAKERGOMTEB,,300,428,728,482,1210
Nanded,,,Mukhed,91,,248,621,0,0,621,621,LITAP OARTAKNEV OARTNAMNAH RAKERGOMTEB,,293,576,869,621,1490
Nanded,,,Mukhed,91,,249,485,0,0,485,487,LITAP OARTAKNEV OARTNAMNAH RAKERGOMTEB,,222,512,734,487,1221
Nanded,,,Mukhed,91,,250,811,0,0,811,813,LITAP OARTAKNEV OARTNAMNAH RAKERGOMTEB,,339,722,1061,813,1874
Nanded,,,Mukhed,91,,251,736,0,0,736,742,LITAP OARTAKNEV OARTNAMNAH RAKERGOMTEB,,195,792,987,742,1729
Nanded,,,Mukhed,91,,252,725,0,0,725,725,LITAP OARTAKNEV OARTNAMNAH RAKERGOMTEB,,216,761,977,725,1702
Nanded,,,Mukhed,91,,253,636,0,0,636,638,LITAP OARTAKNEV OARTNAMNAH RAKERGOMTEB,,242,647,889,638,1527
Nanded,,,Mukhed,91,,254,578,0,0,578,579,LITAP OARTAKNEV OARTNAMNAH RAKERGOMTEB,,306,526,832,579,1411
Nanded,,,Mukhed,91,,255,382,0,0,382,383,LITAP OARTAKNEV OARTNAMNAH RAKERGOMTEB,,323,314,637,383,1020
Nanded,,,Mukhed,91,,256,827,0,0,827,828,LITAP OARTAKNEV OARTNAMNAH RAKERGOMTEB,,398,685,1083,828,1911
Nanded,,,Mukhed,91,,257,450,0,0,450,450,LITAP OARTAKNEV OARTNAMNAH RAKERGOMTEB,,430,277,707,450,1157
Nanded,,,Mukhed,91,,258,677,0,0,677,678,LITAP OARTAKNEV OARTNAMNAH RAKERGOMTEB,,245,690,935,678,1613
Nanded,,,Mukhed,91,,259,522,0,0,522,523,LITAP OARTAKNEV OARTNAMNAH RAKERGOMTEB,,282,499,781,523,1304
Nanded,,,Mukhed,91,,260,349,0,0,349,351,LITAP OARTAKNEV OARTNAMNAH RAKERGOMTEB,,300,309,609,351,960
Nanded,,,Mukhed,91,,261,680,0,0,680,680,LITAP OARTAKNEV OARTNAMNAH RAKERGOMTEB,,170,771,941,680,1621
Nanded,,,Mukhed,91,,262,237,0,0,237,238,LITAP OARTAKNEV OARTNAMNAH RAKERGOMTEB,,198,301,499,238,737
Nanded,,,Mukhed,91,,263,687,0,0,687,690,LITAP OARTAKNEV OARTNAMNAH RAKERGOMTEB,,175,775,950,690,1640
Nanded,,,Mukhed,91,,264,509,0,0,509,511,LITAP OARTAKNEV OARTNAMNAH RAKERGOMTEB,,134,639,773,511,1284
Nanded,,,Mukhed,91,,265,399,0,0,399,399,LITAP OARTAKNEV OARTNAMNAH RAKERGOMTEB,,128,536,664,399,1063
Nanded,,,Mukhed,91,,266,567,0,0,567,567,LITAP OARTAKNEV OARTNAMNAH RAKERGOMTEB,,260,573,833,567,1400
Nanded,,,Mukhed,91,,267,578,0,0,578,581,LITAP OARTAKNEV OARTNAMNAH RAKERGOMTEB,,220,625,845,581,1426
Nanded,,,Mukhed,91,,268,580,0,0,580,580,LITAP OARTAKNEV OARTNAMNAH RAKERGOMTEB,,260,588,848,580,1428
Nanded,,,Mukhed,91,,269,363,0,0,363,363,LITAP OARTAKNEV OARTNAMNAH RAKERGOMTEB,,283,349,632,363,995
Nanded,,,Mukhed,91,,270,430,0,0,430,432,LITAP OARTAKNEV OARTNAMNAH RAKERGOMTEB,,151,549,700,432,1132
Nanded,,,Mukhed,91,,271,422,0,0,422,423,LITAP OARTAKNEV OARTNAMNAH RAKERGOMTEB,,328,365,693,423,1116
Nanded,,,Mukhed,91,,272,350,0,0,350,350,LITAP OARTAKNEV OARTNAMNAH RAKERGOMTEB,,116,506,622,350,972
Nanded,,,Mukhed,91,,273,641,0,0,641,642,LITAP OARTAKNEV OARTNAMNAH RAKERGOMTEB,,134,780,914,642,1556
Nanded,,,Mukhed,91,,274,806,0,0,806,808,LITAP OARTAKNEV OARTNAMNAH RAKERGOMTEB,,410,670,1080,808,1888
Nanded,,,Mukhed,91,,275,574,0,0,574,575,LITAP OARTAKNEV OARTNAMNAH RAKERGOMTEB,,198,651,849,575,1424
Nanded,,,Mukhed,91,,276,342,0,0,342,343,LITAP OARTAKNEV OARTNAMNAH RAKERGOMTEB,,135,483,618,343,961
Nanded,,,Mukhed,91,,277,536,0,0,536,538,LITAP OARTAKNEV OARTNAMNAH RAKERGOMTEB,,124,689,813,538,1351
Nanded,,,Mukhed,91,,278,624,0,0,624,624,LITAP OARTAKNEV OARTNAMNAH RAKERGOMTEB,,216,686,902,624,1526
Nanded,,,Mukhed,91,,279,493,0,0,493,493,LITAP OARTAKNEV OARTNAMNAH RAKERGOMTEB,,197,575,772,493,1265
Nanded,,,Mukhed,91,,280,248,0,0,248,248,LITAP OARTAKNEV OARTNAMNAH RAKERGOMTEB,,239,289,528,248,776
Nanded,,,Mukhed,91,,281,631,0,0,631,633,LITAP OARTAKNEV OARTNAMNAH RAKERGOMTEB,,222,690,912,633,1545
Nanded,,,Mukhed,91,,282,800,0,0,800,801,LITAP OARTAKNEV OARTNAMNAH RAKERGOMTEB,,210,872,1082,801,1883
Nanded,,,Mukhed,91,,283,744,0,0,744,745,LITAP OARTAKNEV OARTNAMNAH RAKERGOMTEB,,209,818,1027,745,1772
Nanded,,,Mukhed,91,,284,580,0,0,580,581,LITAP OARTAKNEV OARTNAMNAH RAKERGOMTEB,,193,671,864,581,1445
Nanded,,,Mukhed,91,,285,648,0,0,648,652,LITAP OARTAKNEV OARTNAMNAH RAKERGOMTEB,,237,696,933,652,1585
Nanded,,,Mukhed,91,,286,777,0,0,777,778,LITAP OARTAKNEV OARTNAMNAH RAKERGOMTEB,,508,555,1063,778,1841
Nanded,,,Mukhed,91,,287,566,0,0,566,566,LITAP OARTAKNEV OARTNAMNAH RAKERGOMTEB,,300,553,853,566,1419
Nanded,,,Mukhed,91,,288,583,0,0,583,584,LITAP OARTAKNEV OARTNAMNAH RAKERGOMTEB,,288,583,871,584,1455
Nanded,,,Mukhed,91,,289,765,0,0,765,768,LITAP OARTAKNEV OARTNAMNAH RAKERGOMTEB,,417,637,1054,768,1822
Nanded,,,Mukhed,91,,290,887,0,0,887,895,LITAP OARTAKNEV OARTNAMNAH RAKERGOMTEB,,736,441,1177,895,2072
Nanded,,,Mukhed,91,,291,531,0,0,531,533,LITAP OARTAKNEV OARTNAMNAH RAKERGOMTEB,,447,375,822,533,1355
Nanded,,,Mukhed,91,,292,541,0,0,541,543,LITAP OARTAKNEV OARTNAMNAH RAKERGOMTEB,,445,388,833,543,1376
Nanded,,,Mukhed,91,,293,568,0,0,568,571,LITAP OARTAKNEV OARTNAMNAH RAKERGOMTEB,,219,642,861,571,1432
Nanded,,,Mukhed,91,,294,482,0,0,482,482,LITAP OARTAKNEV OARTNAMNAH RAKERGOMTEB,,198,578,776,482,1258
Nanded,,,Mukhed,91,,295,316,0,0,316,318,LITAP OARTAKNEV OARTNAMNAH RAKERGOMTEB,,249,362,611,318,929
Nanded,,,Mukhed,91,,296,384,0,0,384,384,LITAP OARTAKNEV OARTNAMNAH RAKERGOMTEB,,145,535,680,384,1064
Nanded,,,Mukhed,91,,297,658,0,0,658,660,LITAP OARTAKNEV OARTNAMNAH RAKERGOMTEB,,197,758,955,660,1615
Nanded,,,Mukhed,91,,298,549,0,0,549,550,LITAP OARTAKNEV OARTNAMNAH RAKERGOMTEB,,178,669,847,550,1397
Nanded,,,Mukhed,91,,299,409,0,0,409,410,LITAP OARTAKNEV OARTNAMNAH RAKERGOMTEB,,125,583,708,410,1118
Nanded,,,Mukhed,91,,300,725,0,0,725,728,LITAP OARTAKNEV OARTNAMNAH RAKERGOMTEB,,160,865,1025,728,1753
Nanded,,,Mukhed,91,,301,393,0,0,393,393,LITAP OARTAKNEV OARTNAMNAH RAKERGOMTEB,,66,628,694,393,1087
Nanded,,,Mukhed,91,,302,584,0,0,584,585,LITAP OARTAKNEV OARTNAMNAH RAKERGOMTEB,,85,801,886,585,1471
Nanded,,,Mukhed,91,,303,588,0,0,588,589,LITAP OARTAKNEV OARTNAMNAH RAKERGOMTEB,,214,677,891,589,1480
Nanded,,,Mukhed,91,,304,590,0,0,590,590,LITAP OARTAKNEV OARTNAMNAH RAKERGOMTEB,,324,570,894,590,1484
Nanded,,,Mukhed,91,,305,557,0,0,557,557,LITAP OARTAKNEV OARTNAMNAH RAKERGOMTEB,,107,755,862,557,1419
Nanded,,,Mukhed,91,,306,636,0,0,636,637,LITAP OARTAKNEV OARTNAMNAH RAKERGOMTEB,,148,794,942,637,1579
Nanded,,,Mukhed,91,,307,517,0,0,517,518,LITAP OARTAKNEV OARTNAMNAH RAKERGOMTEB,,112,712,824,518,1342
Nanded,,,Mukhed,91,,308,456,0,0,456,458,LITAP OARTAKNEV OARTNAMNAH RAKERGOMTEB,,96,668,764,458,1222
Nanded,,,Mukhed,91,,309,620,0,0,620,621,LITAP OARTAKNEV OARTNAMNAH RAKERGOMTEB,,239,690,929,621,1550
Nanded,,,Mukhed,91,,310,767,0,0,767,767,LITAP OARTAKNEV OARTNAMNAH RAKERGOMTEB,,377,700,1077,767,1844
Nanded,,,Mukhed,91,,311,724,0,0,724,725,LITAP OARTAKNEV OARTNAMNAH RAKERGOMTEB,,366,669,1035,725,1760
Nanded,,,Mukhed,91,,312,686,0,0,686,689,LITAP OARTAKNEV OARTNAMNAH RAKERGOMTEB,,394,604,998,689,1687
Nanded,,,Mukhed,91,,313,631,0,0,631,632,LITAP OARTAKNEV OARTNAMNAH RAKERGOMTEB,,318,626,944,632,1576
Nanded,,,Mukhed,91,,314,682,0,0,682,683,LITAP OARTAKNEV OARTNAMNAH RAKERGOMTEB,,208,788,996,683,1679
Nanded,,,Mukhed,91,,315,425,0,0,425,425,LITAP OARTAKNEV OARTNAMNAH RAKERGOMTEB,,113,627,740,425,1165
Nanded,,,Mukhed,91,,316,651,0,0,651,651,LITAP OARTAKNEV OARTNAMNAH RAKERGOMTEB,,198,769,967,651,1618
Nanded,,,Mukhed,91,,317,605,0,0,605,609,LITAP OARTAKNEV OARTNAMNAH RAKERGOMTEB,,181,741,922,609,1531
Nanded,,,Mukhed,91,,318,783,0,0,783,785,LITAP OARTAKNEV OARTNAMNAH RAKERGOMTEB,,405,696,1101,785,1886
Nanded,,,Mukhed,91,,319,415,0,0,415,416,LITAP OARTAKNEV OARTNAMNAH RAKERGOMTEB,,182,552,734,416,1150
Nanded,,,Mukhed,91,,320,318,0,0,318,320,LITAP OARTAKNEV OARTNAMNAH RAKERGOMTEB,,238,400,638,320,958
Nanded,,,Mukhed,91,,321,325,0,0,325,326,LITAP OARTAKNEV OARTNAMNAH RAKERGOMTEB,,291,355,646,326,972
Nanded,,,Mukhed,91,,322,713,0,0,713,716,LITAP OARTAKNEV OARTNAMNAH RAKERGOMTEB,,362,673,1035,716,1751
Nanded,,,Mukhed,91,,323,572,0,0,572,573,LITAP OARTAKNEV OARTNAMNAH RAKERGOMTEB,,242,653,895,573,1468
Nanded,,,Mukhed,91,,324,771,0,0,771,772,LITAP OARTAKNEV OARTNAMNAH RAKERGOMTEB,,432,663,1095,772,1867
Nanded,,,Mukhed,91,,325,451,0,0,451,452,LITAP OARTAKNEV OARTNAMNAH RAKERGOMTEB,,250,526,776,452,1228
Nanded,,,Mukhed,91,,326,411,0,0,411,413,LITAP OARTAKNEV OARTNAMNAH RAKERGOMTEB,,204,533,737,413,1150
Nanded,,,Mukhed,91,,327,516,0,0,516,516,LITAP OARTAKNEV OARTNAMNAH RAKERGOMTEB,,157,686,843,516,1359
Nanded,,,Mukhed,91,,328,487,0,0,487,487,LITAP OARTAKNEV OARTNAMNAH RAKERGOMTEB,,251,564,815,487,1302
Nanded,,,Mukhed,91,,329,438,0,0,438,440,LITAP OARTAKNEV OARTNAMNAH RAKERGOMTEB,,177,590,767,440,1207
Nanded,,,Mukhed,91,,330,308,0,0,308,309,LITAP OARTAKNEV OARTNAMNAH RAKERGOMTEB,,177,461,638,309,947
Nanded,,,Mukhed,91,,331,457,0,0,457,458,LITAP OARTAKNEV OARTNAMNAH RAKERGOMTEB,,225,563,788,458,1246
Nanded,,,Mukhed,91,,332,382,0,0,382,383,LITAP OARTAKNEV OARTNAMNAH RAKERGOMTEB,,104,610,714,383,1097
Nanded,,,Mukhed,91,,333,564,0,0,564,566,LITAP OARTAKNEV OARTNAMNAH RAKERGOMTEB,,333,564,897,566,1463
Nanded,,,Mukhed,91,,334,540,0,0,540,543,LITAP OARTAKNEV OARTNAMNAH RAKERGOMTEB,,252,622,874,543,1417
Nanded,,,Mukhed,91,,335,526,0,0,526,527,LITAP OARTAKNEV OARTNAMNAH RAKERGOMTEB,,163,698,861,527,1388
Nanded,,,Mukhed,91,,336,683,0,0,683,688,LITAP OARTAKNEV OARTNAMNAH RAKERGOMTEB,,242,777,1019,688,1707
Nanded,,,Mukhed,91,,337,609,0,0,609,613,LITAP OARTAKNEV OARTNAMNAH RAKERGOMTEB,,226,720,946,613,1559
Nanded,,,Mukhed,91,,338,483,0,0,483,485,LITAP OARTAKNEV OARTNAMNAH RAKERGOMTEB,,190,631,821,485,1306
Nanded,,,Mukhed,91,,339,760,0,0,760,764,LITAP OARTAKNEV OARTNAMNAH RAKERGOMTEB,,329,770,1099,764,1863
Nanded,,,Mukhed,91,,340,600,0,0,600,601,LITAP OARTAKNEV OARTNAMNAH RAKERGOMTEB,,161,779,940,601,1541
Nanded,,,Mukhed,91,,341,296,0,0,296,297,LITAP OARTAKNEV OARTNAMNAH RAKERGOMTEB,,74,563,637,297,934
Nanded,,,Mukhed,91,,342,388,0,0,388,391,LITAP OARTAKNEV OARTNAMNAH RAKERGOMTEB,,343,387,730,391,1121
Nanded,,,Mukhed,91,,343,655,0,0,655,657,LITAP OARTAKNEV OARTNAMNAH RAKERGOMTEB,,255,743,998,657,1655
Nanded,,,Mukhed,91,,344,526,0,0,526,526,LITAP OARTAKNEV OARTNAMNAH RAKERGOMTEB,,149,721,870,526,1396
Nanded,,,Mukhed,91,,345,815,0,0,815,818,LITAP OARTAKNEV OARTNAMNAH RAKERGOMTEB,,209,951,1160,818,1978
Nanded,,,Mukhed,91,,346,790,0,0,790,791,LITAP OARTAKNEV OARTNAMNAH RAKERGOMTEB,,388,748,1136,791,1927
Nanded,,,Mukhed,91,,347,704,0,0,704,705,LITAP OARTAKNEV OARTNAMNAH RAKERGOMTEB,,316,735,1051,705,1756
Nanded,,,Mukhed,91,,348,179,0,0,179,179,LITAP OARTAKNEV OARTNAMNAH RAKERGOMTEB,,172,355,527,179,706
Nanded,,,Mukhed,91,,349,513,0,0,513,514,LITAP OARTAKNEV OARTNAMNAH RAKERGOMTEB,,213,649,862,514,1376
Nanded,,,Mukhed,91,,350,593,0,0,593,596,LITAP OARTAKNEV OARTNAMNAH RAKERGOMTEB,,237,706,943,596,1539
Nanded,,,Mukhed,91,,351,380,0,0,380,381,LITAP OARTAKNEV OARTNAMNAH RAKERGOMTEB,,131,600,731,381,1112
Nanded,,,Mukhed,91,,352,500,0,0,500,501,LITAP OARTAKNEV OARTNAMNAH RAKERGOMTEB,,233,619,852,501,1353
Nanded,,,Mukhed,91,,353,483,0,0,483,486,LITAP OARTAKNEV OARTNAMNAH RAKERGOMTEB,,251,585,836,486,1322
Nanded,,,Mukhed,91,,354,585,0,0,585,587,LITAP OARTAKNEV OARTNAMNAH RAKERGOMTEB,,378,561,939,587,1526
Nanded,,,Mukhed,91,,355,402,0,0,402,404,LITAP OARTAKNEV OARTNAMNAH RAKERGOMTEB,,254,503,757,404,1161
Nanded,,,Mukhed,91,,356,312,0,0,312,312,LITAP OARTAKNEV OARTNAMNAH RAKERGOMTEB,,249,419,668,312,980
Nanded,,,Mukhed,91,,357,624,0,0,624,627,LITAP OARTAKNEV OARTNAMNAH RAKERGOMTEB,,336,645,981,627,1608
Nanded,,,Mukhed,91,,358,574,0,0,574,575,LITAP OARTAKNEV OARTNAMNAH RAKERGOMTEB,,171,761,932,575,1507
Nanded,,,Mukhed,91,,359,695,0,0,695,695,LITAP OARTAKNEV OARTNAMNAH RAKERGOMTEB,,192,862,1054,695,1749
Nanded,,,Mukhed,91,,360,438,0,0,438,440,LITAP OARTAKNEV OARTNAMNAH RAKERGOMTEB,,136,662,798,440,1238
Nanded,,,Mukhed,91,,361,296,0,0,296,296,LITAP OARTAKNEV OARTNAMNAH RAKERGOMTEB,,281,376,657,296,953
Nanded,,,Mukhed,91,,362,754,0,0,754,757,LITAP OARTAKNEV OARTNAMNAH RAKERGOMTEB,,285,831,1116,757,1873
Nanded,,,Mukhed,91,,363,689,0,0,689,689,LITAP OARTAKNEV OARTNAMNAH RAKERGOMTEB,,321,731,1052,689,1741
Nanded,,,Mukhed,91,,364,700,0,0,700,701,LITAP OARTAKNEV OARTNAMNAH RAKERGOMTEB,,149,915,1064,701,1765
Nanded,,,Mukhed,91,,365,394,0,0,394,395,LITAP OARTAKNEV OARTNAMNAH RAKERGOMTEB,,157,602,759,395,1154
Nanded,,,Mukhed,91,,366,493,0,0,493,493,LITAP OARTAKNEV OARTNAMNAH RAKERGOMTEB,,489,370,859,493,1352
TOTAL,,,,,,,214846,0,0,214846,215397,,,96597,185410,282007,215397,497404
